Machine,NumberOfSections,NumberOfSymbols,TimeDateStamp,Characteristics,SizeOfOptionalHeader,Magic,AddressOfEntryPoint,CheckSum,DllCharacteristics,SectionAlignment,SizeOfCode,SizeOfHeaders,SizeOfHeapCommit,SizeOfHeapReserve,SizeOfImage,SizeOfInitializedData,SizeOfStackCommit,SizeOfStackReserve,SizeOfUninitializedData,NumberOfRvaAndSizes,LoaderFlags,MajorOperatingSystemVersion,MinorOperatingSystemVersion,MajorImageVersion,MinorImageVersion,MajorLinkerVersion,MinorLinkerVersion,MajorSubsystemVersion,MinorSubsystemVersion,Reserved1,Subsystem,PackedFlag,NumberOfImportedDLLs,NumberOfImportedFunctions,onstartdock,ansistring,popupmenu,tshiftstate,wghai,parentfont,msvbvm60,fc7,dq1,colecontrolsite,iuc,fh7,ff7,1wd,fci,onmousemove,lmdshfolder,cur,tcomponent,suibutton,cbuilder6,xsl,dt1,dp1,frxx,trealaudio,fd7,wav,du1,borland,wsocket,garray,realaudioobjects_tlb,bpl,tmenuitem,fch,qqrv,de1gdzjfw0,vrhx,fp7f,fileCategory
332,3,0,1208111602,271,224,267,25619,166732,32768,4096,28672,1024,4096,1048576,114688,78336,4096,262144,0,16,0,5,1,5,1,7,10,4,0,0,2,0,9,241,0,0,0,0,0,0,0,0,0,0,0,0,0,0,0,0,0,0,0,0,0,0,0,0,0,0,0,0,0,0,0,0,0,0,0,0,0,0,0,0,0
332,10,0,1405441342,8450,224,267,4138,670278,0,4096,203264,1024,4096,1048576,700416,135680,4096,2097152,8704,16,0,4,0,1,0,2,23,4,0,0,3,0,2,153,0,0,0,0,0,0,0,0,0,0,0,0,0,0,0,0,0,0,0,0,0,0,0,0,0,0,0,0,0,0,0,0,0,0,0,0,0,0,0,0,0
332,3,0,1208111618,271,224,267,85420,250152,32768,4096,180736,1024,4096,1048576,208896,15360,65536,262144,0,16,0,5,1,5,1,7,10,4,0,0,2,0,10,223,0,0,0,0,0,0,0,0,0,0,0,0,0,0,0,0,0,0,0,0,0,0,0,0,0,0,0,0,0,0,0,0,0,0,0,0,0,0,0,0,0
332,4,48,1405441237,8966,224,267,42,35920,0,4096,0,1024,4096,1048576,24576,7168,4096,2097152,0,16,0,4,0,1,0,2,23,4,0,0,3,0,0,0,0,0,0,0,0,0,0,0,0,0,0,0,0,0,0,0,0,0,0,0,0,0,0,0,0,0,0,0,0,0,0,0,0,0,0,0,0,0,0,0,0
332,3,0,1208113177,271,224,267,8175,19646,32768,4096,6144,1024,4096,1048576,28672,9728,4096,262144,0,16,0,5,1,5,1,7,10,4,0,0,3,0,6,48,0,0,0,0,0,0,0,0,0,0,0,0,0,0,0,0,0,0,0,0,0,0,0,0,0,0,0,0,0,0,0,0,0,0,0,0,0,0,0,0,0
332,3,0,1208111829,271,224,267,7174,36787,32768,4096,5120,1024,4096,1048576,45056,27136,49152,262144,0,16,0,5,1,5,1,7,10,4,0,0,2,0,5,45,0,0,0,0,0,0,0,0,0,0,0,0,0,0,0,0,0,0,0,0,0,0,0,0,0,0,0,0,0,0,0,0,0,0,0,0,0,0,0,0,0
332,3,0,1208111823,271,224,267,102166,442645,32768,4096,110592,1024,4096,1048576,393216,275456,81920,262144,0,16,0,5,1,5,1,7,10,4,0,0,2,0,10,267,0,0,0,0,0,0,0,0,0,0,0,0,0,0,0,0,0,0,0,0,0,0,0,0,0,0,0,0,0,0,0,0,0,0,0,0,0,0,0,0,0
332,3,0,1208112796,271,224,267,142275,558230,32768,4096,182272,1024,4096,1048576,569344,376320,4096,262144,0,16,0,5,1,5,1,7,10,4,0,0,2,0,22,465,0,0,0,0,0,0,0,0,0,0,0,0,0,0,0,0,0,0,0,0,0,0,0,0,0,0,0,0,0,0,0,0,0,0,0,0,0,0,0,0,0
332,3,0,998081553,271,224,267,22993,39903,32768,4096,23552,1024,4096,1048576,49152,16896,4096,262144,0,16,0,5,1,5,1,7,0,4,0,0,2,0,12,161,0,0,0,0,0,0,0,0,0,0,0,0,0,0,0,0,0,0,0,0,0,0,0,0,0,0,0,0,0,0,0,0,0,0,0,0,0,0,0,0,0
332,3,0,1208111586,271,224,267,12031,79478,32768,4096,15360,1024,4096,1048576,28672,2048,4096,262144,0,16,0,5,1,5,1,7,10,4,0,0,2,0,6,80,0,0,0,0,0,0,0,0,0,0,0,0,0,0,0,0,0,0,0,0,0,0,0,0,0,0,0,0,0,0,0,0,0,0,0,0,0,0,0,0,0
332,3,0,998081747,271,224,267,9014,43038,32768,4096,6656,1024,4096,1048576,20480,5632,4096,262144,0,16,0,5,1,5,1,7,0,4,0,0,3,0,4,53,0,0,0,0,0,0,0,0,0,0,0,0,0,0,0,0,0,0,0,0,0,0,0,0,0,0,0,0,0,0,0,0,0,0,0,0,0,0,0,0,0
332,11,0,1405441878,8450,224,267,8369,136096,0,4096,9728,1536,4096,1048576,135168,37888,4096,2097152,1024,16,0,4,0,1,0,2,23,4,0,0,3,0,18,545,0,0,0,0,0,0,0,0,0,0,0,0,0,0,0,0,0,0,0,0,0,0,0,0,0,0,0,0,0,0,0,0,0,0,0,0,0,0,0,0,0
332,11,0,1405441375,8450,224,267,23249,142750,0,4096,24064,1536,4096,1048576,114688,36864,4096,2097152,5632,16,0,4,0,1,0,2,23,4,0,0,3,0,4,103,0,0,0,0,0,0,0,0,0,0,0,0,0,0,0,0,0,0,0,0,0,0,0,0,0,0,0,0,0,0,0,0,0,0,0,0,0,0,0,0,0
332,4,0,1405441201,8450,224,267,42,17179,0,4096,3072,1024,4096,1048576,20480,5120,4096,2097152,0,16,0,4,0,1,0,2,23,4,0,0,1,0,0,0,0,0,0,0,0,0,0,0,0,0,0,0,0,0,0,0,0,0,0,0,0,0,0,0,0,0,0,0,0,0,0,0,0,0,0,0,0,0,0,0,0
332,3,0,998081654,271,224,267,21602,115807,32768,4096,20992,1024,4096,1048576,69632,37888,16384,262144,0,16,0,5,1,5,1,7,0,4,0,0,2,0,8,117,0,0,0,0,0,0,0,0,0,0,0,0,0,0,0,0,0,0,0,0,0,0,0,0,0,0,0,0,0,0,0,0,0,0,0,0,0,0,0,0,0
332,2,0,1027992322,271,224,267,4238,63569,0,4096,512,1536,4096,1048576,12288,2560,4096,262144,0,16,0,5,0,5,0,5,12,4,0,0,2,0,2,2,0,0,0,0,0,0,0,0,0,0,0,0,0,0,0,0,0,0,0,0,0,0,0,0,0,0,0,0,0,0,0,0,0,0,0,0,0,0,0,0,0
332,5,0,1362482422,290,224,267,35016,1296440,33088,4096,249856,1024,4096,1048576,1286144,1026560,4096,1048576,0,16,0,4,0,0,0,10,0,4,0,0,2,0,8,211,0,0,0,0,0,0,0,0,0,0,0,0,0,0,0,0,0,0,0,0,0,0,0,0,0,0,0,0,0,0,0,0,0,0,0,0,0,0,0,0,0
332,3,0,1208111652,271,224,267,489013,1220621,32768,4096,897024,1536,4096,1048576,1265664,364032,80000,262144,0,16,0,5,1,5,1,7,10,4,0,0,2,0,23,1009,0,0,0,0,0,0,0,0,0,0,0,0,0,0,0,0,0,0,0,0,0,0,0,0,0,0,0,0,0,0,0,0,0,0,0,0,0,0,0,0,0
332,12,0,1405441880,8450,224,267,40161,651385,0,4096,41472,1536,4096,1048576,622592,475648,4096,2097152,1536,16,0,4,0,1,0,2,23,4,0,0,3,0,13,208,0,0,0,0,0,0,0,0,0,0,0,0,0,0,0,0,0,0,0,0,0,0,0,0,0,0,0,0,0,0,0,0,0,0,0,0,0,0,0,0,0
332,3,0,1208112966,271,224,267,12643,25985,32768,4096,11264,1024,4096,1048576,32768,11264,4096,262144,0,16,0,5,1,5,1,7,10,4,0,0,3,0,6,54,0,0,0,0,0,0,0,0,0,0,0,0,0,0,0,0,0,0,0,0,0,0,0,0,0,0,0,0,0,0,0,0,0,0,0,0,0,0,0,0,0
332,11,0,1405441386,8450,224,267,8849,64919,0,4096,9216,1536,4096,1048576,81920,6656,4096,2097152,5632,16,0,4,0,1,0,2,23,4,0,0,3,0,3,59,0,0,0,0,0,0,0,0,0,0,0,0,0,0,0,0,0,0,0,0,0,0,0,0,0,0,0,0,0,0,0,0,0,0,0,0,0,0,0,0,0
332,3,0,1208111481,271,224,267,85380,191586,32768,4096,87552,1024,4096,1048576,155648,55296,4096,262144,0,16,0,5,1,5,1,7,10,4,0,0,2,0,8,212,0,0,0,0,0,0,0,0,0,0,0,0,0,0,0,0,0,0,0,0,0,0,0,0,0,0,0,0,0,0,0,0,0,0,0,0,0,0,0,0,0
332,3,0,998081589,271,224,267,5687,18764,32768,4096,3584,1024,4096,1048576,16384,2048,4096,262144,0,16,0,5,1,5,1,7,0,4,0,0,2,0,4,48,0,0,0,0,0,0,0,0,0,0,0,0,0,0,0,0,0,0,0,0,0,0,0,0,0,0,0,0,0,0,0,0,0,0,0,0,0,0,0,0,0
332,3,0,1208111774,271,224,267,22664,56572,32768,4096,20992,1024,4096,1048576,36864,2048,4096,262144,0,16,0,5,1,5,1,7,10,4,0,0,2,0,5,89,0,0,0,0,0,0,0,0,0,0,0,0,0,0,0,0,0,0,0,0,0,0,0,0,0,0,0,0,0,0,0,0,0,0,0,0,0,0,0,0,0
332,3,0,1208113174,271,224,267,10480,48165,32768,4096,8704,1024,4096,1048576,32768,12800,4096,262144,0,16,0,5,1,5,1,7,10,4,0,0,3,0,6,55,0,0,0,0,0,0,0,0,0,0,0,0,0,0,0,0,0,0,0,0,0,0,0,0,0,0,0,0,0,0,0,0,0,0,0,0,0,0,0,0,0
332,4,0,1405441203,8450,224,267,42,52760,0,4096,3072,1024,4096,1048576,20480,5120,4096,2097152,0,16,0,4,0,1,0,2,23,4,0,0,1,0,0,0,0,0,0,0,0,0,0,0,0,0,0,0,0,0,0,0,0,0,0,0,0,0,0,0,0,0,0,0,0,0,0,0,0,0,0,0,0,0,0,0,0
332,12,0,1405441890,8450,224,267,71185,284849,0,4096,72192,1536,4096,1048576,270336,39424,4096,2097152,5632,16,0,4,0,1,0,2,23,4,0,0,3,0,10,147,0,0,0,0,0,0,0,0,0,0,0,0,0,0,0,0,0,0,0,0,0,0,0,0,0,0,0,0,0,0,0,0,0,0,0,0,0,0,0,0,0
332,12,0,1405441672,8450,224,267,17425,451371,0,4096,17920,1536,4096,1048576,425984,341504,4096,2097152,1024,16,0,4,0,1,0,2,23,4,0,0,3,0,6,80,0,0,0,0,0,0,0,0,0,0,0,0,0,0,0,0,0,0,0,0,0,0,0,0,0,0,0,0,0,0,0,0,0,0,0,0,0,0,0,0,0
332,3,0,1208111813,271,224,267,15956,74728,32768,4096,15360,1024,4096,1048576,28672,6144,4096,262144,0,16,0,5,1,5,1,7,10,4,0,0,2,0,8,110,0,0,0,0,0,0,0,0,0,0,0,0,0,0,0,0,0,0,0,0,0,0,0,0,0,0,0,0,0,0,0,0,0,0,0,0,0,0,0,0,0
332,3,0,1208111977,271,224,267,10852,46495,32768,4096,10752,1024,4096,1048576,24576,2048,4096,262144,0,16,0,5,1,5,1,7,10,4,0,0,2,0,8,77,0,0,0,0,0,0,0,0,0,0,0,0,0,0,0,0,0,0,0,0,0,0,0,0,0,0,0,0,0,0,0,0,0,0,0,0,0,0,0,0,0
332,4,0,1405441205,8450,224,267,42,56912,0,4096,3584,1024,4096,1048576,20480,5632,4096,2097152,0,16,0,4,0,1,0,2,23,4,0,0,1,0,0,0,0,0,0,0,0,0,0,0,0,0,0,0,0,0,0,0,0,0,0,0,0,0,0,0,0,0,0,0,0,0,0,0,0,0,0,0,0,0,0,0,0
332,4,0,1405441199,8450,224,267,42,16005,0,4096,3072,1024,4096,1048576,20480,5120,4096,2097152,0,16,0,4,0,1,0,2,23,4,0,0,1,0,0,0,0,0,0,0,0,0,0,0,0,0,0,0,0,0,0,0,0,0,0,0,0,0,0,0,0,0,0,0,0,0,0,0,0,0,0,0,0,0,0,0,0
332,3,0,1208111691,271,224,267,47495,532068,32768,4096,159744,1024,4096,1048576,589824,422400,32768,262144,0,16,0,5,1,5,1,7,10,4,10,0,2,0,15,304,0,0,0,0,0,0,0,0,0,0,0,0,0,0,0,0,0,0,0,0,0,0,0,0,0,0,0,0,0,0,0,0,0,0,0,0,0,0,0,0,0
332,4,0,1405441206,8450,224,267,42,36396,0,4096,3584,1024,4096,1048576,20480,5632,4096,2097152,0,16,0,4,0,1,0,2,23,4,0,0,1,0,0,0,0,0,0,0,0,0,0,0,0,0,0,0,0,0,0,0,0,0,0,0,0,0,0,0,0,0,0,0,0,0,0,0,0,0,0,0,0,0,0,0,0
332,4,0,1208111915,271,224,267,11336,95375,32768,4096,22016,1024,4096,1048576,65536,27648,4096,262144,0,16,0,5,1,5,1,7,10,4,0,0,3,0,8,91,0,0,0,0,0,0,0,0,0,0,0,0,0,0,0,0,0,0,0,0,0,0,0,0,0,0,0,0,0,0,0,0,0,0,0,0,0,0,0,0,0
332,11,0,1405441394,8450,224,267,6321,37386,0,4096,6656,1536,4096,1048576,69632,6656,4096,2097152,1024,16,0,4,0,1,0,2,23,4,0,0,3,0,3,43,0,0,0,0,0,0,0,0,0,0,0,0,0,0,0,0,0,0,0,0,0,0,0,0,0,0,0,0,0,0,0,0,0,0,0,0,0,0,0,0,0
332,3,0,1208112071,271,224,267,163196,316303,32768,4096,254976,1024,4096,1048576,307200,38400,4096,262144,0,16,0,5,1,5,1,7,10,5,0,0,2,0,10,200,0,0,0,0,0,0,0,0,0,0,0,0,0,0,0,0,0,0,0,0,0,0,0,0,0,0,0,0,0,0,0,0,0,0,0,0,0,0,0,0,0
332,10,0,1405441479,8450,224,267,11351,232635,0,4096,61440,4096,4096,1048576,221184,73728,4096,2097152,0,16,0,4,0,1,0,2,23,4,0,0,1,0,3,53,0,0,0,0,0,0,0,0,0,0,0,0,0,0,0,0,0,0,0,0,0,0,0,0,0,0,0,0,0,0,0,0,0,0,0,0,0,0,0,0,0
332,3,0,1208111748,271,224,267,32966,71869,32768,4096,51712,1024,4096,1048576,73728,12800,4096,262144,0,16,0,5,1,5,1,7,10,5,0,0,3,0,3,71,0,0,0,0,0,0,0,0,0,0,0,0,0,0,0,0,0,0,0,0,0,0,0,0,0,0,0,0,0,0,0,0,0,0,0,0,0,0,0,0,0
332,3,0,998081749,271,224,267,23260,90853,32768,4096,21504,1024,4096,1048576,61440,26624,4096,262144,0,16,0,5,1,5,1,7,0,4,0,0,3,0,4,51,0,0,0,0,0,0,0,0,0,0,0,0,0,0,0,0,0,0,0,0,0,0,0,0,0,0,0,0,0,0,0,0,0,0,0,0,0,0,0,0,0
332,3,0,998081389,271,224,267,8154,105796,32768,4096,20480,1024,4096,1048576,61440,31744,4096,262144,0,16,0,5,1,5,1,7,0,4,0,0,2,0,3,62,0,0,0,0,0,0,0,0,0,0,0,0,0,0,0,0,0,0,0,0,0,0,0,0,0,0,0,0,0,0,0,0,0,0,0,0,0,0,0,0,0
332,4,0,1208112086,271,224,267,34597,109172,32768,4096,58368,1024,4096,1048576,86016,12288,4096,262144,0,16,0,5,1,5,1,7,10,4,0,0,3,0,10,139,0,0,0,0,0,0,0,0,0,0,0,0,0,0,0,0,0,0,0,0,0,0,0,0,0,0,0,0,0,0,0,0,0,0,0,0,0,0,0,0,0
332,3,0,1208111452,271,224,267,13189,54445,33792,4096,17408,1024,4096,1048576,57344,27648,4096,262144,0,16,0,5,1,5,1,7,10,4,0,0,2,0,6,77,0,0,0,0,0,0,0,0,0,0,0,0,0,0,0,0,0,0,0,0,0,0,0,0,0,0,0,0,0,0,0,0,0,0,0,0,0,0,0,0,0
332,4,82,1405441238,8966,224,267,42,42613,0,4096,0,1024,4096,1048576,20480,4096,4096,2097152,0,16,0,4,0,1,0,2,23,4,0,0,3,0,0,0,0,0,0,0,0,0,0,0,0,0,0,0,0,0,0,0,0,0,0,0,0,0,0,0,0,0,0,0,0,0,0,0,0,0,0,0,0,0,0,0,0
332,5,0,1208111612,271,224,267,6046,43536,32768,4096,2560,1024,4096,1048576,24576,5632,4096,262144,512,16,0,5,1,5,1,7,10,3,50,0,3,0,4,38,0,0,0,0,0,0,0,0,0,0,0,0,0,0,0,0,0,0,0,0,0,0,0,0,0,0,0,0,0,0,0,0,0,0,0,0,0,0,0,0,0
332,3,0,1208111663,271,224,267,388587,1696223,32768,4096,1113600,1536,4096,1048576,1716224,590848,4096,262144,0,16,0,5,1,5,1,7,10,4,0,0,2,0,20,676,0,0,0,0,0,0,0,0,0,0,0,0,0,0,0,0,0,0,0,0,0,0,0,0,0,0,0,0,0,0,0,0,0,0,0,0,0,0,0,0,0
332,3,0,998081891,271,224,267,10931,42982,32768,4096,9216,1024,4096,1048576,28672,9216,4096,262144,0,16,0,5,1,5,1,7,0,4,0,0,3,0,5,63,0,0,0,0,0,0,0,0,0,0,0,0,0,0,0,0,0,0,0,0,0,0,0,0,0,0,0,0,0,0,0,0,0,0,0,0,0,0,0,0,0
332,3,0,1208111724,271,224,267,62232,123829,32768,4096,62976,1024,4096,1048576,90112,18944,4096,262144,0,16,0,5,1,5,1,7,10,4,0,0,2,0,7,156,0,0,0,0,0,0,0,0,0,0,0,0,0,0,0,0,0,0,0,0,0,0,0,0,0,0,0,0,0,0,0,0,0,0,0,0,0,0,0,0,0
332,3,0,1208111627,271,224,267,22424,35593,32768,4096,22016,1024,4096,1048576,36864,5120,12288,1048576,0,16,0,5,1,5,1,7,10,4,0,0,3,0,6,111,0,0,0,0,0,0,0,0,0,0,0,0,0,0,0,0,0,0,0,0,0,0,0,0,0,0,0,0,0,0,0,0,0,0,0,0,0,0,0,0,0
332,3,0,998081827,271,224,267,6563,13067,32768,4096,3584,1024,4096,1048576,20480,8192,4096,262144,0,16,0,5,1,5,1,7,0,4,0,0,3,0,3,40,0,0,0,0,0,0,0,0,0,0,0,0,0,0,0,0,0,0,0,0,0,0,0,0,0,0,0,0,0,0,0,0,0,0,0,0,0,0,0,0,0
332,3,0,1208111818,287,224,267,62579,439118,0,4096,393216,1024,4096,1048576,684032,282112,4096,262144,0,16,0,5,1,5,1,7,10,4,0,0,3,0,5,350,0,0,0,0,0,0,0,0,0,0,0,0,0,0,0,0,0,0,0,0,0,0,0,0,0,0,0,0,0,0,0,0,0,0,0,0,0,0,0,0,0
332,11,0,1405441763,8450,224,267,24753,108945,0,4096,25600,1536,4096,1048576,118784,13312,4096,2097152,5632,16,0,4,0,1,0,2,23,4,0,0,3,0,5,111,0,0,0,0,0,0,0,0,0,0,0,0,0,0,0,0,0,0,0,0,0,0,0,0,0,0,0,0,0,0,0,0,0,0,0,0,0,0,0,0,0
332,8,1167,1405441039,775,224,267,5386,118854,0,4096,26624,1024,4096,1048576,61440,34816,4096,2097152,3584,16,0,4,0,1,0,2,23,4,0,0,3,0,2,59,0,0,0,0,0,0,0,0,0,0,0,0,0,0,0,0,0,0,0,0,0,0,0,0,0,0,0,0,0,0,0,0,0,0,0,0,0,0,0,0,0
332,3,0,998081473,287,224,267,4456,50530,32768,4096,1024,1024,4096,1048576,16384,1536,4096,262144,0,16,0,5,1,5,1,7,0,4,0,0,2,0,3,8,0,0,0,0,0,0,0,0,0,0,0,0,0,0,0,0,0,0,0,0,0,0,0,0,0,0,0,0,0,0,0,0,0,0,0,0,0,0,0,0,0
332,12,0,1405441563,8450,224,267,205585,642581,0,4096,206848,1536,4096,1048576,634880,126976,4096,2097152,14336,16,0,4,0,1,0,2,23,4,0,0,3,0,3,99,0,0,0,0,0,0,0,0,0,0,0,0,0,0,0,0,0,0,0,0,0,0,0,0,0,0,0,0,0,0,0,0,0,0,0,0,0,0,0,0,0
332,3,0,1208111565,271,224,267,25734,107504,33792,4096,39424,1024,4096,1048576,77824,30720,4096,262144,0,16,0,5,1,5,1,7,10,4,0,0,2,0,6,134,0,0,0,0,0,0,0,0,0,0,0,0,0,0,0,0,0,0,0,0,0,0,0,0,0,0,0,0,0,0,0,0,0,0,0,0,0,0,0,0,0
332,3,0,1208111732,271,224,267,32899,67712,32768,4096,32768,1024,4096,1048576,49152,6144,4096,262144,0,16,0,5,1,5,1,7,10,4,10,0,2,0,8,157,0,0,0,0,0,0,0,0,0,0,0,0,0,0,0,0,0,0,0,0,0,0,0,0,0,0,0,0,0,0,0,0,0,0,0,0,0,0,0,0,0
332,21,0,1208114859,270,224,267,1932118,2246594,0,128,1845376,1408,4096,1048576,2188928,342144,4096,262144,0,16,0,5,1,5,1,7,10,5,1,0,1,0,3,82,0,0,0,0,0,0,0,0,0,0,0,0,0,0,0,0,0,0,0,0,0,0,0,0,0,0,0,0,0,0,0,0,0,0,0,0,0,0,0,0,0
332,9,0,1405441432,8450,224,267,34084,153945,0,4096,32768,4096,4096,1048576,135168,40960,4096,2097152,4096,16,0,4,0,1,0,2,23,4,0,0,1,0,3,55,0,0,0,0,0,0,0,0,0,0,0,0,0,0,0,0,0,0,0,0,0,0,0,0,0,0,0,0,0,0,0,0,0,0,0,0,0,0,0,0,0
332,3,0,998081827,271,224,267,11972,47876,32768,4096,10240,1024,4096,1048576,69632,49664,4096,262144,0,16,0,5,1,5,1,7,0,4,0,0,3,0,6,65,0,0,0,0,0,0,0,0,0,0,0,0,0,0,0,0,0,0,0,0,0,0,0,0,0,0,0,0,0,0,0,0,0,0,0,0,0,0,0,0,0
332,8,0,1405441447,8450,224,267,16827,98451,0,4096,16384,4096,4096,1048576,69632,20480,4096,2097152,4096,16,0,4,0,1,0,2,23,4,0,0,1,0,2,41,0,0,0,0,0,0,0,0,0,0,0,0,0,0,0,0,0,0,0,0,0,0,0,0,0,0,0,0,0,0,0,0,0,0,0,0,0,0,0,0,0
332,3,0,1208111772,271,224,267,20945,101718,32768,4096,22016,1024,4096,1048576,61440,28160,4096,262144,0,16,0,5,1,5,1,7,10,4,0,0,2,0,11,149,0,0,0,0,0,0,0,0,0,0,0,0,0,0,0,0,0,0,0,0,0,0,0,0,0,0,0,0,0,0,0,0,0,0,0,0,0,0,0,0,0
332,3,0,1208111689,271,224,267,248208,364340,32768,4096,296448,1024,4096,1048576,368640,62464,4096,262144,0,16,0,5,1,5,1,7,10,4,0,0,3,0,12,224,0,0,0,0,0,0,0,0,0,0,0,0,0,0,0,0,0,0,0,0,0,0,0,0,0,0,0,0,0,0,0,0,0,0,0,0,0,0,0,0,0
332,3,0,998081618,271,224,267,5965,53236,32768,4096,4608,1024,4096,1048576,20480,1536,4096,262144,0,16,0,5,1,5,1,7,0,4,0,0,3,0,4,56,0,0,0,0,0,0,0,0,0,0,0,0,0,0,0,0,0,0,0,0,0,0,0,0,0,0,0,0,0,0,0,0,0,0,0,0,0,0,0,0,0
332,2,0,998081231,271,224,267,4363,33200,32768,4096,1024,1024,4096,1048576,12288,1024,4096,262144,0,16,0,5,1,5,1,7,0,4,0,0,2,0,2,6,0,0,0,0,0,0,0,0,0,0,0,0,0,0,0,0,0,0,0,0,0,0,0,0,0,0,0,0,0,0,0,0,0,0,0,0,0,0,0,0,0
332,3,0,1208112781,271,224,267,13146,34059,32768,4096,12288,1024,4096,1048576,24576,2048,4096,262144,0,16,0,5,1,5,1,7,10,4,0,0,2,0,7,76,0,0,0,0,0,0,0,0,0,0,0,0,0,0,0,0,0,0,0,0,0,0,0,0,0,0,0,0,0,0,0,0,0,0,0,0,0,0,0,0,0
332,3,0,998081627,271,224,267,8010,53581,32768,4096,7168,1024,4096,1048576,24576,5120,16384,1048576,0,16,0,5,1,5,1,7,0,4,0,0,2,0,8,64,0,0,0,0,0,0,0,0,0,0,0,0,0,0,0,0,0,0,0,0,0,0,0,0,0,0,0,0,0,0,0,0,0,0,0,0,0,0,0,0,0
332,4,48,1405441409,8966,224,267,42,1124683,0,4096,0,1024,4096,1048576,1085440,1070080,4096,2097152,0,16,0,4,0,1,0,2,23,4,0,0,3,0,0,0,0,0,0,0,0,0,0,0,0,0,0,0,0,0,0,0,0,0,0,0,0,0,0,0,0,0,0,0,0,0,0,0,0,0,0,0,0,0,0,0,0
332,12,0,1405441838,8450,224,267,8241,88788,0,4096,8704,1536,4096,1048576,86016,7680,4096,2097152,5632,16,0,4,0,1,0,2,23,4,0,0,3,0,5,61,0,0,0,0,0,0,0,0,0,0,0,0,0,0,0,0,0,0,0,0,0,0,0,0,0,0,0,0,0,0,0,0,0,0,0,0,0,0,0,0,0
332,4,0,1405441203,8450,224,267,42,32783,0,4096,3072,1024,4096,1048576,20480,5120,4096,2097152,0,16,0,4,0,1,0,2,23,4,0,0,1,0,0,0,0,0,0,0,0,0,0,0,0,0,0,0,0,0,0,0,0,0,0,0,0,0,0,0,0,0,0,0,0,0,0,0,0,0,0,0,0,0,0,0,0
332,3,0,998081643,271,224,267,9483,85645,32768,4096,7680,1024,4096,1048576,69632,55296,4096,262144,0,16,0,5,1,5,1,7,0,4,0,0,3,0,7,51,0,0,0,0,0,0,0,0,0,0,0,0,0,0,0,0,0,0,0,0,0,0,0,0,0,0,0,0,0,0,0,0,0,0,0,0,0,0,0,0,0
332,4,0,1405441201,8450,224,267,42,71969,0,4096,4096,1024,4096,1048576,20480,6144,4096,2097152,0,16,0,4,0,1,0,2,23,4,0,0,1,0,0,0,0,0,0,0,0,0,0,0,0,0,0,0,0,0,0,0,0,0,0,0,0,0,0,0,0,0,0,0,0,0,0,0,0,0,0,0,0,0,0,0,0
332,3,0,1208111884,271,224,267,10140,75614,32768,4096,20480,4096,4096,1048576,36864,12288,4096,262144,0,16,0,5,1,5,1,7,10,4,0,0,2,0,7,77,0,0,0,0,0,0,0,0,0,0,0,0,0,0,0,0,0,0,0,0,0,0,0,0,0,0,0,0,0,0,0,0,0,0,0,0,0,0,0,0,0
332,3,0,1208112739,271,224,267,89140,200360,32768,4096,101376,1024,4096,1048576,188416,75264,4096,262144,0,16,0,5,1,5,1,7,10,4,0,0,2,0,10,291,0,0,0,0,0,0,0,0,0,0,0,0,0,0,0,0,0,0,0,0,0,0,0,0,0,0,0,0,0,0,0,0,0,0,0,0,0,0,0,0,0
332,10,0,1405441593,8450,224,267,4217,1035393,0,4096,342016,1024,4096,1048576,1064960,146432,4096,2097152,512,16,0,4,0,1,0,2,23,4,0,0,1,0,1,6,0,0,0,0,0,0,0,0,0,0,0,0,0,0,0,0,0,0,0,0,0,0,0,0,0,0,0,0,0,0,0,0,0,0,0,0,0,0,0,0,0
332,3,0,1208111495,271,224,267,28630,273739,32768,4096,61952,1024,4096,1048576,229376,157184,4096,262144,0,16,0,5,1,5,1,7,10,4,0,0,2,0,9,197,0,0,0,0,0,0,0,0,0,0,0,0,0,0,0,0,0,0,0,0,0,0,0,0,0,0,0,0,0,0,0,0,0,0,0,0,0,0,0,0,0
332,3,0,1208113176,271,224,267,5127,52039,32768,4096,6656,1024,4096,1048576,24576,7680,4096,262144,0,16,0,5,1,5,1,7,10,4,0,0,3,0,6,65,0,0,0,0,0,0,0,0,0,0,0,0,0,0,0,0,0,0,0,0,0,0,0,0,0,0,0,0,0,0,0,0,0,0,0,0,0,0,0,0,0
332,5,118,1405441272,8966,224,267,42,60275,0,4096,512,1024,4096,1048576,24576,3584,4096,2097152,0,16,0,4,0,1,0,2,23,4,0,0,3,0,1,3,0,0,0,0,0,0,0,0,0,0,0,0,0,0,0,0,0,0,0,0,0,0,0,0,0,0,0,0,0,0,0,0,0,0,0,0,0,0,0,0,0
332,3,0,1208111732,271,224,267,9412,348035,32768,4096,7680,1024,4096,1048576,356352,338432,4096,262144,0,16,0,5,1,5,1,7,10,4,10,0,2,0,8,58,0,0,0,0,0,0,0,0,0,0,0,0,0,0,0,0,0,0,0,0,0,0,0,0,0,0,0,0,0,0,0,0,0,0,0,0,0,0,0,0,0
332,3,0,990825151,271,224,267,24978,95028,0,4096,24064,1024,4096,1048576,45056,13312,4096,1048576,0,16,0,4,0,4,0,6,0,4,0,0,2,0,9,103,0,0,0,0,0,0,0,0,0,0,0,0,0,0,0,0,0,0,0,0,0,0,0,0,0,0,0,0,0,0,0,0,0,0,0,0,0,0,0,0,0
332,5,0,1362482416,290,224,267,18470,1090743,33088,4096,242176,1024,4096,1048576,1081344,822784,4096,1048576,0,16,0,4,0,0,0,10,0,4,0,0,3,0,5,128,0,0,0,0,0,0,0,0,0,0,0,0,0,0,0,0,0,0,0,0,0,0,0,0,0,0,0,0,0,0,0,0,0,0,0,0,0,0,0,0,0
332,3,0,1208111755,271,224,267,43409,88867,32768,4096,45056,1024,4096,1048576,69632,16896,4096,262144,0,16,0,5,1,5,1,7,10,4,0,0,2,0,11,247,0,0,0,0,0,0,0,0,0,0,0,0,0,0,0,0,0,0,0,0,0,0,0,0,0,0,0,0,0,0,0,0,0,0,0,0,0,0,0,0,0
332,3,0,1208111685,271,224,267,11059,55544,32768,4096,14848,1024,4096,1048576,28672,2048,4096,262144,0,16,0,5,1,5,1,7,10,4,0,0,2,0,8,81,0,0,0,0,0,0,0,0,0,0,0,0,0,0,0,0,0,0,0,0,0,0,0,0,0,0,0,0,0,0,0,0,0,0,0,0,0,0,0,0,0
332,4,0,1208111917,271,224,267,28555,80644,32768,4096,49152,1024,4096,1048576,73728,9728,4096,262144,0,16,0,5,1,5,1,7,10,4,0,0,3,0,10,127,0,0,0,0,0,0,0,0,0,0,0,0,0,0,0,0,0,0,0,0,0,0,0,0,0,0,0,0,0,0,0,0,0,0,0,0,0,0,0,0,0
332,4,0,1208111918,271,224,267,55527,103449,32768,4096,59392,1024,4096,1048576,98304,22528,4096,262144,0,16,0,5,1,5,1,7,10,4,0,0,3,0,8,123,0,0,0,0,0,0,0,0,0,0,0,0,0,0,0,0,0,0,0,0,0,0,0,0,0,0,0,0,0,0,0,0,0,0,0,0,0,0,0,0,0
332,3,0,1208111572,271,224,267,22937,40544,32768,4096,30208,1024,4096,1048576,45056,3072,4096,262144,0,16,0,5,1,5,1,7,10,4,0,0,2,0,9,103,0,0,0,0,0,0,0,0,0,0,0,0,0,0,0,0,0,0,0,0,0,0,0,0,0,0,0,0,0,0,0,0,0,0,0,0,0,0,0,0,0
332,10,0,1405441623,259,224,267,11430,77488,0,4096,12288,1024,4096,1048576,90112,19456,4096,2097152,1536,16,0,4,0,1,0,2,23,4,0,0,3,0,4,72,0,0,0,0,0,0,0,0,0,0,0,0,0,0,0,0,0,0,0,0,0,0,0,0,0,0,0,0,0,0,0,0,0,0,0,0,0,0,0,0,0
332,3,0,998081842,271,224,267,11524,87465,32768,4096,25600,1024,4096,1048576,57344,17408,4096,262144,0,16,0,5,1,5,1,7,0,4,0,0,3,0,4,68,0,0,0,0,0,0,0,0,0,0,0,0,0,0,0,0,0,0,0,0,0,0,0,0,0,0,0,0,0,0,0,0,0,0,0,0,0,0,0,0,0
332,3,0,1208111685,271,224,267,40580,116128,32768,4096,42496,1024,4096,1048576,249856,196608,4096,262144,0,16,0,5,1,5,1,7,10,4,0,0,3,0,7,93,0,0,0,0,0,0,0,0,0,0,0,0,0,0,0,0,0,0,0,0,0,0,0,0,0,0,0,0,0,0,0,0,0,0,0,0,0,0,0,0,0
332,10,0,1405441665,259,224,267,7893,44126,0,4096,8704,1024,4096,1048576,77824,11264,4096,2097152,2048,16,0,4,0,1,0,2,23,4,0,0,2,0,3,69,0,0,0,0,0,0,0,0,0,0,0,0,0,0,0,0,0,0,0,0,0,0,0,0,0,0,0,0,0,0,0,0,0,0,0,0,0,0,0,0,0
332,3,0,1208111767,271,224,267,35221,84141,32768,4096,38912,1024,4096,1048576,81920,33280,4096,262144,0,16,0,5,1,5,1,7,10,4,0,0,2,0,11,305,0,0,0,0,0,0,0,0,0,0,0,0,0,0,0,0,0,0,0,0,0,0,0,0,0,0,0,0,0,0,0,0,0,0,0,0,0,0,0,0,0
332,12,0,1405441680,8450,224,267,17217,342914,0,4096,18432,1536,4096,1048576,319488,244224,4096,2097152,5632,16,0,4,0,1,0,2,23,4,0,0,3,0,7,95,0,0,0,0,0,0,0,0,0,0,0,0,0,0,0,0,0,0,0,0,0,0,0,0,0,0,0,0,0,0,0,0,0,0,0,0,0,0,0,0,0
332,3,0,1208111606,271,224,267,10545,19970,32768,4096,9216,1024,4096,1048576,28672,9216,8192,1048576,0,16,0,5,1,5,1,7,10,4,0,0,3,0,6,66,0,0,0,0,0,0,0,0,0,0,0,0,0,0,0,0,0,0,0,0,0,0,0,0,0,0,0,0,0,0,0,0,0,0,0,0,0,0,0,0,0
332,3,0,1208111607,271,224,267,77263,148087,32768,4096,93184,1024,4096,1048576,143360,40448,8192,1048576,0,16,0,5,1,5,1,7,10,4,0,0,2,0,7,177,0,0,0,0,0,0,0,0,0,0,0,0,0,0,0,0,0,0,0,0,0,0,0,0,0,0,0,0,0,0,0,0,0,0,0,0,0,0,0,0,0
332,3,0,998081824,271,224,267,4609,14684,32768,4096,2048,1024,4096,1048576,16384,4608,4096,262144,0,16,0,5,1,5,1,7,0,4,0,0,3,0,5,26,0,0,0,0,0,0,0,0,0,0,0,0,0,0,0,0,0,0,0,0,0,0,0,0,0,0,0,0,0,0,0,0,0,0,0,0,0,0,0,0,0
332,12,0,1405441758,8450,224,267,128177,561405,0,4096,129024,1536,4096,1048576,536576,151040,4096,2097152,5632,16,0,4,0,1,0,2,23,4,0,0,3,0,12,199,0,0,0,0,0,0,0,0,0,0,0,0,0,0,0,0,0,0,0,0,0,0,0,0,0,0,0,0,0,0,0,0,0,0,0,0,0,0,0,0,0
332,12,0,1405441714,8450,224,267,852353,2219113,0,4096,853504,1536,4096,1048576,2203648,182784,4096,2097152,15360,16,0,4,0,1,0,2,23,4,0,0,3,0,6,120,0,0,0,0,0,0,0,0,0,0,0,0,0,0,0,0,0,0,0,0,0,0,0,0,0,0,0,0,0,0,0,0,0,0,0,0,0,0,0,0,0
332,3,0,1208111827,271,224,267,4403,120457,32768,4096,1536,1024,4096,1048576,118784,107008,4096,262144,0,16,0,5,1,5,1,7,10,4,0,0,2,0,2,16,0,0,0,0,0,0,0,0,0,0,0,0,0,0,0,0,0,0,0,0,0,0,0,0,0,0,0,0,0,0,0,0,0,0,0,0,0,0,0,0,0
332,3,0,1208111506,271,224,267,6626,61985,32768,4096,8192,4096,4096,1048576,32768,20480,4096,262144,0,16,0,5,1,5,1,7,10,4,0,0,2,0,4,64,0,0,0,0,0,0,0,0,0,0,0,0,0,0,0,0,0,0,0,0,0,0,0,0,0,0,0,0,0,0,0,0,0,0,0,0,0,0,0,0,0
332,12,0,1405441386,8450,224,267,9089,105511,0,4096,9728,1536,4096,1048576,86016,8704,4096,2097152,5632,16,0,4,0,1,0,2,23,4,0,0,3,0,3,59,0,0,0,0,0,0,0,0,0,0,0,0,0,0,0,0,0,0,0,0,0,0,0,0,0,0,0,0,0,0,0,0,0,0,0,0,0,0,0,0,0
332,12,0,1405441364,8450,224,267,5233,64978,0,4096,5632,1536,4096,1048576,102400,29696,4096,2097152,1024,16,0,4,0,1,0,2,23,4,0,0,3,0,2,42,0,0,0,0,0,0,0,0,0,0,0,0,0,0,0,0,0,0,0,0,0,0,0,0,0,0,0,0,0,0,0,0,0,0,0,0,0,0,0,0,0
332,3,0,1208112325,271,224,267,4413,69803,32768,4096,1536,1024,4096,1048576,24576,12288,4096,262144,0,16,0,5,1,5,1,7,10,4,0,0,2,0,2,17,0,0,0,0,0,0,0,0,0,0,0,0,0,0,0,0,0,0,0,0,0,0,0,0,0,0,0,0,0,0,0,0,0,0,0,0,0,0,0,0,0
332,3,0,1208112191,271,224,267,9041,72757,32768,4096,7168,1024,4096,1048576,20480,4608,4096,262144,0,16,0,5,1,5,1,7,10,4,0,0,2,0,5,52,0,0,0,0,0,0,0,0,0,0,0,0,0,0,0,0,0,0,0,0,0,0,0,0,0,0,0,0,0,0,0,0,0,0,0,0,0,0,0,0,0
332,3,0,1208111832,271,224,267,5805,41812,32768,4096,3584,1024,4096,1048576,16384,6144,4096,262144,0,16,0,5,1,5,1,7,10,4,0,0,3,0,4,34,0,0,0,0,0,0,0,0,0,0,0,0,0,0,0,0,0,0,0,0,0,0,0,0,0,0,0,0,0,0,0,0,0,0,0,0,0,0,0,0,0
332,12,0,1405441383,8450,224,267,22033,97176,0,4096,22528,1536,4096,1048576,110592,14336,4096,2097152,5632,16,0,4,0,1,0,2,23,4,0,0,3,0,4,85,0,0,0,0,0,0,0,0,0,0,0,0,0,0,0,0,0,0,0,0,0,0,0,0,0,0,0,0,0,0,0,0,0,0,0,0,0,0,0,0,0
332,3,0,998081591,271,224,267,12245,68410,32768,4096,12288,1024,4096,1048576,24576,1536,4096,262144,0,16,0,5,1,5,1,7,0,4,0,0,3,0,4,99,0,0,0,0,0,0,0,0,0,0,0,0,0,0,0,0,0,0,0,0,0,0,0,0,0,0,0,0,0,0,0,0,0,0,0,0,0,0,0,0,0
332,3,0,1208111460,271,224,267,13218,83216,32768,4096,11776,1024,4096,1048576,28672,6144,4096,262144,0,16,0,5,1,5,1,7,10,4,0,0,3,0,5,73,0,0,0,0,0,0,0,0,0,0,0,0,0,0,0,0,0,0,0,0,0,0,0,0,0,0,0,0,0,0,0,0,0,0,0,0,0,0,0,0,0
332,7,0,1405441459,8450,224,267,15291,98606,0,4096,12288,4096,4096,1048576,61440,24576,4096,2097152,0,16,0,4,0,1,0,2,23,4,0,0,1,0,1,30,0,0,0,0,0,0,0,0,0,0,0,0,0,0,0,0,0,0,0,0,0,0,0,0,0,0,0,0,0,0,0,0,0,0,0,0,0,0,0,0,0
332,12,0,1405441400,8450,224,267,8577,60860,0,4096,9216,1536,4096,1048576,86016,8192,4096,2097152,5632,16,0,4,0,1,0,2,23,4,0,0,3,0,3,57,0,0,0,0,0,0,0,0,0,0,0,0,0,0,0,0,0,0,0,0,0,0,0,0,0,0,0,0,0,0,0,0,0,0,0,0,0,0,0,0,0
332,3,0,1208111829,271,224,267,8264,27378,33792,4096,9728,1024,4096,1048576,24576,3584,4096,262144,0,16,0,5,1,5,1,7,10,4,10,0,2,0,8,91,0,0,0,0,0,0,0,0,0,0,0,0,0,0,0,0,0,0,0,0,0,0,0,0,0,0,0,0,0,0,0,0,0,0,0,0,0,0,0,0,0
332,3,0,998081331,271,224,267,11834,60534,32768,4096,9728,1024,4096,1048576,28672,8704,4096,262144,0,16,0,5,1,5,1,7,0,4,0,0,3,0,5,61,0,0,0,0,0,0,0,0,0,0,0,0,0,0,0,0,0,0,0,0,0,0,0,0,0,0,0,0,0,0,0,0,0,0,0,0,0,0,0,0,0
332,3,0,1208111819,271,224,267,36828,597107,32768,4096,65024,1024,4096,1048576,552960,480768,4096,262144,0,16,0,5,1,5,1,7,10,4,0,0,2,0,7,161,0,0,0,0,0,0,0,0,0,0,0,0,0,0,0,0,0,0,0,0,0,0,0,0,0,0,0,0,0,0,0,0,0,0,0,0,0,0,0,0,0
332,12,0,1405441696,8450,224,267,14881,99137,0,4096,15360,1536,4096,1048576,98304,9728,4096,2097152,5632,16,0,4,0,1,0,2,23,4,0,0,3,0,6,76,0,0,0,0,0,0,0,0,0,0,0,0,0,0,0,0,0,0,0,0,0,0,0,0,0,0,0,0,0,0,0,0,0,0,0,0,0,0,0,0,0
332,8,0,1405441589,8450,224,267,4259,58243,0,4096,5632,1024,4096,1048576,49152,4096,4096,2097152,0,16,0,4,0,1,0,2,23,4,0,0,1,0,1,9,0,0,0,0,0,0,0,0,0,0,0,0,0,0,0,0,0,0,0,0,0,0,0,0,0,0,0,0,0,0,0,0,0,0,0,0,0,0,0,0,0
332,12,0,1405441871,8450,224,267,585473,1518038,0,4096,587776,1536,4096,1048576,1662976,753664,4096,2097152,120320,16,0,4,0,1,0,2,23,4,0,0,3,0,8,298,0,0,0,0,0,0,0,0,0,0,0,0,0,0,0,0,0,0,0,0,0,0,0,0,0,0,0,0,0,0,0,0,0,0,0,0,0,0,0,0,0
332,3,0,998081834,271,224,267,7970,51435,32768,4096,16384,1024,4096,1048576,28672,3584,4096,262144,0,16,0,5,1,5,1,7,0,4,0,0,3,0,4,57,0,0,0,0,0,0,0,0,0,0,0,0,0,0,0,0,0,0,0,0,0,0,0,0,0,0,0,0,0,0,0,0,0,0,0,0,0,0,0,0,0
332,10,0,1405441637,259,224,267,13029,320701,0,4096,13824,1024,4096,1048576,339968,269824,4096,2097152,2560,16,0,4,0,1,0,2,23,4,0,0,2,0,7,85,0,0,0,0,0,0,0,0,0,0,0,0,0,0,0,0,0,0,0,0,0,0,0,0,0,0,0,0,0,0,0,0,0,0,0,0,0,0,0,0,0
332,12,0,1405441419,8450,224,267,31633,210404,0,4096,32256,1536,4096,1048576,196608,32768,4096,2097152,5632,16,0,4,0,1,0,2,23,4,0,0,3,0,5,80,0,0,0,0,0,0,0,0,0,0,0,0,0,0,0,0,0,0,0,0,0,0,0,0,0,0,0,0,0,0,0,0,0,0,0,0,0,0,0,0,0
332,12,0,1405441399,8450,224,267,6401,55894,0,4096,6656,1536,4096,1048576,69632,7168,4096,2097152,1024,16,0,4,0,1,0,2,23,4,0,0,3,0,3,43,0,0,0,0,0,0,0,0,0,0,0,0,0,0,0,0,0,0,0,0,0,0,0,0,0,0,0,0,0,0,0,0,0,0,0,0,0,0,0,0,0
332,4,0,1208114224,270,224,267,107913,1059628,32768,4096,282112,1024,4096,1048576,1044480,752128,57344,262144,0,16,0,5,1,5,1,7,10,4,10,0,2,0,13,596,0,0,0,0,0,0,0,0,0,0,0,0,0,0,0,0,0,0,0,0,0,0,0,0,0,0,0,0,0,0,0,0,0,0,0,0,0,0,0,0,0
332,3,0,1208111511,271,224,267,27747,88349,32768,4096,57344,4096,4096,1048576,73728,12288,4096,262144,0,16,0,5,1,5,1,7,10,4,0,0,2,0,3,82,0,0,0,0,0,0,0,0,0,0,0,0,0,0,0,0,0,0,0,0,0,0,0,0,0,0,0,0,0,0,0,0,0,0,0,0,0,0,0,0,0
332,4,0,1208111921,271,224,267,88135,177988,32768,4096,98304,1024,4096,1048576,131072,21504,4096,262144,0,16,0,5,1,5,1,7,10,4,0,0,3,0,13,166,0,0,0,0,0,0,0,0,0,0,0,0,0,0,0,0,0,0,0,0,0,0,0,0,0,0,0,0,0,0,0,0,0,0,0,0,0,0,0,0,0
332,3,0,1208111629,271,224,267,19327,33781,32768,4096,17920,1024,4096,1048576,45056,18432,4096,262144,0,16,0,5,1,5,1,7,10,4,0,0,3,0,4,93,0,0,0,0,0,0,0,0,0,0,0,0,0,0,0,0,0,0,0,0,0,0,0,0,0,0,0,0,0,0,0,0,0,0,0,0,0,0,0,0,0
332,3,0,998081568,271,224,267,23517,91014,32768,4096,22016,1024,4096,1048576,36864,2560,4096,262144,0,16,0,5,1,5,1,7,0,4,0,0,2,0,4,70,0,0,0,0,0,0,0,0,0,0,0,0,0,0,0,0,0,0,0,0,0,0,0,0,0,0,0,0,0,0,0,0,0,0,0,0,0,0,0,0,0
332,3,0,1208111527,271,224,267,13723,49603,32768,4096,12288,1024,4096,1048576,28672,8704,4096,262144,0,16,0,5,1,5,1,7,10,4,0,0,3,0,7,82,0,0,0,0,0,0,0,0,0,0,0,0,0,0,0,0,0,0,0,0,0,0,0,0,0,0,0,0,0,0,0,0,0,0,0,0,0,0,0,0,0
332,11,0,1405441383,8450,224,267,8657,64264,0,4096,9216,1536,4096,1048576,81920,7168,4096,2097152,5632,16,0,4,0,1,0,2,23,4,0,0,3,0,3,59,0,0,0,0,0,0,0,0,0,0,0,0,0,0,0,0,0,0,0,0,0,0,0,0,0,0,0,0,0,0,0,0,0,0,0,0,0,0,0,0,0
332,12,0,1405441421,8450,224,267,23809,107814,0,4096,24576,1536,4096,1048576,122880,16896,4096,2097152,5632,16,0,4,0,1,0,2,23,4,0,0,3,0,4,79,0,0,0,0,0,0,0,0,0,0,0,0,0,0,0,0,0,0,0,0,0,0,0,0,0,0,0,0,0,0,0,0,0,0,0,0,0,0,0,0,0
332,12,0,1405441902,8450,224,267,85889,561155,0,4096,86528,1536,4096,1048576,581632,337920,4096,2097152,8192,16,0,4,0,1,0,2,23,4,0,0,3,0,5,148,0,0,0,0,0,0,0,0,0,0,0,0,0,0,0,0,0,0,0,0,0,0,0,0,0,0,0,0,0,0,0,0,0,0,0,0,0,0,0,0,0
332,3,0,1208111784,271,224,267,15820,73505,32768,4096,14336,1024,4096,1048576,45056,21504,4096,262144,0,16,0,5,1,5,1,7,10,4,0,0,2,0,7,63,0,0,0,0,0,0,0,0,0,0,0,0,0,0,0,0,0,0,0,0,0,0,0,0,0,0,0,0,0,0,0,0,0,0,0,0,0,0,0,0,0
332,3,0,1208111776,271,224,267,54615,123178,32768,4096,81920,1024,4096,1048576,94208,5120,4096,262144,0,16,0,5,1,5,1,7,10,4,0,0,3,0,4,83,0,0,0,0,0,0,0,0,0,0,0,0,0,0,0,0,0,0,0,0,0,0,0,0,0,0,0,0,0,0,0,0,0,0,0,0,0,0,0,0,0
332,4,0,1405441202,8450,224,267,42,13279,0,4096,4096,1024,4096,1048576,20480,6144,4096,2097152,0,16,0,4,0,1,0,2,23,4,0,0,1,0,0,0,0,0,0,0,0,0,0,0,0,0,0,0,0,0,0,0,0,0,0,0,0,0,0,0,0,0,0,0,0,0,0,0,0,0,0,0,0,0,0,0,0
332,3,0,1208111689,271,224,267,105446,182821,32768,4096,140288,1024,4096,1048576,167936,16384,4096,262144,0,16,0,5,1,5,1,7,10,4,0,0,2,0,7,179,0,0,0,0,0,0,0,0,0,0,0,0,0,0,0,0,0,0,0,0,0,0,0,0,0,0,0,0,0,0,0,0,0,0,0,0,0,0,0,0,0
332,3,0,998081653,271,224,267,15947,177729,32768,4096,15360,1024,4096,1048576,131072,105984,16384,262144,0,16,0,5,1,5,1,7,0,4,0,0,2,0,8,102,0,0,0,0,0,0,0,0,0,0,0,0,0,0,0,0,0,0,0,0,0,0,0,0,0,0,0,0,0,0,0,0,0,0,0,0,0,0,0,0,0
332,3,0,998098977,271,224,267,23176,358681,32768,4096,34816,1024,4096,1048576,344064,293888,4096,262144,0,16,0,5,1,5,1,7,0,4,0,0,2,0,6,126,0,0,0,0,0,0,0,0,0,0,0,0,0,0,0,0,0,0,0,0,0,0,0,0,0,0,0,0,0,0,0,0,0,0,0,0,0,0,0,0,0
332,3,0,1208112027,271,224,267,17680,67335,32768,4096,16896,1024,4096,1048576,32768,2048,4096,262144,0,16,0,5,1,5,1,7,10,4,0,0,3,0,5,95,0,0,0,0,0,0,0,0,0,0,0,0,0,0,0,0,0,0,0,0,0,0,0,0,0,0,0,0,0,0,0,0,0,0,0,0,0,0,0,0,0
332,3,0,1208113198,271,224,267,31756,117015,32768,4096,49152,1024,4096,1048576,69632,11776,4096,262144,0,16,0,5,1,5,1,7,10,4,0,0,3,0,6,90,0,0,0,0,0,0,0,0,0,0,0,0,0,0,0,0,0,0,0,0,0,0,0,0,0,0,0,0,0,0,0,0,0,0,0,0,0,0,0,0,0
332,4,0,976557618,271,224,267,6282,65253,0,4096,36864,4096,4096,1048576,61440,20480,4096,1048576,0,16,0,4,0,0,0,6,0,4,0,0,2,0,1,69,0,0,0,0,0,0,0,0,0,0,0,0,0,0,0,0,0,0,0,0,0,0,0,0,0,0,0,0,0,0,0,0,0,0,0,0,0,0,0,0,0
332,3,0,1208111461,271,224,267,5222,48705,32768,4096,2560,1024,4096,1048576,16384,1536,16384,262144,0,16,0,5,1,5,1,7,10,4,0,0,2,0,3,33,0,0,0,0,0,0,0,0,0,0,0,0,0,0,0,0,0,0,0,0,0,0,0,0,0,0,0,0,0,0,0,0,0,0,0,0,0,0,0,0,0
332,4,48,1405441237,8966,224,267,42,65511,0,4096,0,1024,4096,1048576,36864,18944,4096,2097152,0,16,0,4,0,1,0,2,23,4,0,0,3,0,0,0,0,0,0,0,0,0,0,0,0,0,0,0,0,0,0,0,0,0,0,0,0,0,0,0,0,0,0,0,0,0,0,0,0,0,0,0,0,0,0,0,0
332,11,0,1405441380,8450,224,267,8209,39326,0,4096,8704,1536,4096,1048576,81920,6656,4096,2097152,5632,16,0,4,0,1,0,2,23,4,0,0,3,0,3,59,0,0,0,0,0,0,0,0,0,0,0,0,0,0,0,0,0,0,0,0,0,0,0,0,0,0,0,0,0,0,0,0,0,0,0,0,0,0,0,0,0
332,10,0,1405441475,8450,224,267,52529,389064,0,4096,131072,4096,4096,1048576,385024,90112,4096,2097152,4096,16,0,4,0,1,0,2,23,4,0,0,1,0,3,60,0,0,0,0,0,0,0,0,0,0,0,0,0,0,0,0,0,0,0,0,0,0,0,0,0,0,0,0,0,0,0,0,0,0,0,0,0,0,0,0,0
332,3,0,1208111624,271,224,267,74826,104632,32768,4096,76800,1024,4096,1048576,208896,121856,12288,1048576,0,16,0,5,1,5,1,7,10,4,0,0,2,0,10,170,0,0,0,0,0,0,0,0,0,0,0,0,0,0,0,0,0,0,0,0,0,0,0,0,0,0,0,0,0,0,0,0,0,0,0,0,0,0,0,0,0
332,9,0,1405441591,8450,224,267,5828,85462,0,4096,17408,1024,4096,1048576,94208,5120,4096,2097152,11776,16,0,4,0,1,0,2,23,4,0,0,1,0,1,12,0,0,0,0,0,0,0,0,0,0,0,0,0,0,0,0,0,0,0,0,0,0,0,0,0,0,0,0,0,0,0,0,0,0,0,0,0,0,0,0,0
332,3,0,1208113226,271,224,267,8670,61245,32768,4096,7680,1024,4096,1048576,24576,8192,4096,262144,0,16,0,5,1,5,1,7,10,4,0,0,2,0,6,77,0,0,0,0,0,0,0,0,0,0,0,0,0,0,0,0,0,0,0,0,0,0,0,0,0,0,0,0,0,0,0,0,0,0,0,0,0,0,0,0,0
332,4,0,1405441201,8450,224,267,42,10547,0,4096,3584,1024,4096,1048576,20480,5632,4096,2097152,0,16,0,4,0,1,0,2,23,4,0,0,1,0,0,0,0,0,0,0,0,0,0,0,0,0,0,0,0,0,0,0,0,0,0,0,0,0,0,0,0,0,0,0,0,0,0,0,0,0,0,0,0,0,0,0,0
332,3,0,998081728,271,224,267,8113,69968,32768,4096,13824,1024,4096,1048576,36864,11264,4096,262144,0,16,0,5,1,5,1,7,0,4,0,0,2,0,4,61,0,0,0,0,0,0,0,0,0,0,0,0,0,0,0,0,0,0,0,0,0,0,0,0,0,0,0,0,0,0,0,0,0,0,0,0,0,0,0,0,0
332,3,0,998081838,271,224,267,5728,44774,32768,4096,3584,1024,4096,1048576,49152,35840,4096,262144,0,16,0,5,1,5,1,7,0,4,0,0,2,0,5,39,0,0,0,0,0,0,0,0,0,0,0,0,0,0,0,0,0,0,0,0,0,0,0,0,0,0,0,0,0,0,0,0,0,0,0,0,0,0,0,0,0
332,3,0,998081824,271,224,267,5223,31510,32768,4096,3072,1024,4096,1048576,20480,5632,4096,262144,0,16,0,5,1,5,1,7,0,4,0,0,3,0,5,38,0,0,0,0,0,0,0,0,0,0,0,0,0,0,0,0,0,0,0,0,0,0,0,0,0,0,0,0,0,0,0,0,0,0,0,0,0,0,0,0,0
332,3,0,998081565,271,224,267,4449,60772,32768,4096,1536,1024,4096,1048576,16384,3072,4096,262144,0,16,0,5,1,5,1,7,0,4,0,0,2,0,3,19,0,0,0,0,0,0,0,0,0,0,0,0,0,0,0,0,0,0,0,0,0,0,0,0,0,0,0,0,0,0,0,0,0,0,0,0,0,0,0,0,0
332,3,0,1208111528,271,224,267,21719,48786,32768,4096,21504,1024,4096,1048576,36864,3584,4096,262144,0,16,0,5,1,5,1,7,10,4,0,0,2,0,9,115,0,0,0,0,0,0,0,0,0,0,0,0,0,0,0,0,0,0,0,0,0,0,0,0,0,0,0,0,0,0,0,0,0,0,0,0,0,0,0,0,0
332,12,0,1405441432,8450,224,267,41569,170189,0,4096,41984,1536,4096,1048576,184320,42496,4096,2097152,5632,16,0,4,0,1,0,2,23,4,0,0,3,0,6,92,0,0,0,0,0,0,0,0,0,0,0,0,0,0,0,0,0,0,0,0,0,0,0,0,0,0,0,0,0,0,0,0,0,0,0,0,0,0,0,0,0
332,3,0,1208112054,3343,224,267,77088,265165,32768,4096,89600,1024,4096,1048576,282624,185344,262144,262144,0,16,0,5,1,5,1,7,10,4,0,0,2,0,14,302,0,0,0,0,0,0,0,0,0,0,0,0,0,0,0,0,0,0,0,0,0,0,0,0,0,0,0,0,0,0,0,0,0,0,0,0,0,0,0,0,0
332,10,0,1405441632,259,224,267,55969,285693,0,4096,66560,1024,4096,1048576,274432,183296,4096,2097152,4096,16,0,4,0,1,0,2,23,4,0,0,2,0,10,147,0,0,0,0,0,0,0,0,0,0,0,0,0,0,0,0,0,0,0,0,0,0,0,0,0,0,0,0,0,0,0,0,0,0,0,0,0,0,0,0,0
332,3,0,998081337,271,224,267,8224,28961,32768,4096,6144,1024,4096,1048576,24576,6656,4096,262144,0,16,0,5,1,5,1,7,0,4,0,0,3,0,5,52,0,0,0,0,0,0,0,0,0,0,0,0,0,0,0,0,0,0,0,0,0,0,0,0,0,0,0,0,0,0,0,0,0,0,0,0,0,0,0,0,0
332,3,0,998081424,271,224,267,42585,126914,32768,4096,58368,1024,4096,1048576,73728,4608,4096,262144,0,16,0,5,1,5,1,7,0,4,0,0,2,0,9,165,0,0,0,0,0,0,0,0,0,0,0,0,0,0,0,0,0,0,0,0,0,0,0,0,0,0,0,0,0,0,0,0,0,0,0,0,0,0,0,0,0
332,7,0,1405441282,8450,224,267,4138,59866,0,4096,512,1024,4096,1048576,32768,3072,4096,2097152,0,16,0,4,0,1,0,2,23,4,0,0,1,0,1,1,0,0,0,0,0,0,0,0,0,0,0,0,0,0,0,0,0,0,0,0,0,0,0,0,0,0,0,0,0,0,0,0,0,0,0,0,0,0,0,0,0
332,3,0,1208111519,271,224,267,12557,85236,32768,4096,23552,1024,4096,1048576,40960,8192,4096,262144,0,16,0,5,1,5,1,7,10,4,0,0,2,0,7,98,0,0,0,0,0,0,0,0,0,0,0,0,0,0,0,0,0,0,0,0,0,0,0,0,0,0,0,0,0,0,0,0,0,0,0,0,0,0,0,0,0
332,12,0,1405441399,8450,224,267,5201,65672,0,4096,5632,1536,4096,1048576,69632,7168,4096,2097152,1024,16,0,4,0,1,0,2,23,4,0,0,3,0,2,42,0,0,0,0,0,0,0,0,0,0,0,0,0,0,0,0,0,0,0,0,0,0,0,0,0,0,0,0,0,0,0,0,0,0,0,0,0,0,0,0,0
332,3,0,998082371,271,224,267,59056,110714,32768,4096,69120,1024,4096,1048576,110592,32256,4096,262144,0,16,0,5,1,5,1,7,0,4,0,0,3,0,12,323,0,0,0,0,0,0,0,0,0,0,0,0,0,0,0,0,0,0,0,0,0,0,0,0,0,0,0,0,0,0,0,0,0,0,0,0,0,0,0,0,0
332,3,0,998081441,271,224,267,9263,83926,32768,4096,18432,1024,4096,1048576,32768,3584,4096,262144,0,16,0,5,1,5,1,7,0,4,0,0,2,0,5,64,0,0,0,0,0,0,0,0,0,0,0,0,0,0,0,0,0,0,0,0,0,0,0,0,0,0,0,0,0,0,0,0,0,0,0,0,0,0,0,0,0
332,10,0,1405441608,259,224,267,10799,138426,0,4096,11776,1024,4096,1048576,159744,92160,4096,2097152,1536,16,0,4,0,1,0,2,23,4,0,0,2,0,5,111,0,0,0,0,0,0,0,0,0,0,0,0,0,0,0,0,0,0,0,0,0,0,0,0,0,0,0,0,0,0,0,0,0,0,0,0,0,0,0,0,0
332,3,0,1208111957,271,224,267,16319,33841,32768,4096,14848,1024,4096,1048576,32768,9216,4096,262144,0,16,0,5,1,5,1,7,10,4,0,0,3,0,7,90,0,0,0,0,0,0,0,0,0,0,0,0,0,0,0,0,0,0,0,0,0,0,0,0,0,0,0,0,0,0,0,0,0,0,0,0,0,0,0,0,0
332,3,0,998081740,271,224,267,8788,49374,32768,4096,7680,1024,4096,1048576,20480,3072,4096,262144,0,16,0,5,1,5,1,7,0,4,0,0,3,0,9,57,0,0,0,0,0,0,0,0,0,0,0,0,0,0,0,0,0,0,0,0,0,0,0,0,0,0,0,0,0,0,0,0,0,0,0,0,0,0,0,0,0
332,3,0,998081223,271,224,267,6132,58203,0,4096,3584,1024,4096,1048576,16384,3584,4096,262144,0,16,0,5,1,5,1,7,0,4,0,0,2,0,4,39,0,0,0,0,0,0,0,0,0,0,0,0,0,0,0,0,0,0,0,0,0,0,0,0,0,0,0,0,0,0,0,0,0,0,0,0,0,0,0,0,0
332,3,0,998081627,271,224,267,61890,143498,32768,4096,107008,1024,4096,1048576,151552,30720,4096,262144,0,16,0,5,1,5,1,7,0,4,0,0,3,0,7,130,0,0,0,0,0,0,0,0,0,0,0,0,0,0,0,0,0,0,0,0,0,0,0,0,0,0,0,0,0,0,0,0,0,0,0,0,0,0,0,0,0
332,12,0,1405441396,8450,224,267,23073,96264,0,4096,24064,1536,4096,1048576,114688,11776,4096,2097152,5632,16,0,4,0,1,0,2,23,4,0,0,3,0,3,97,0,0,0,0,0,0,0,0,0,0,0,0,0,0,0,0,0,0,0,0,0,0,0,0,0,0,0,0,0,0,0,0,0,0,0,0,0,0,0,0,0
332,10,0,1405441605,259,224,267,10118,121107,0,4096,11264,1024,4096,1048576,94208,12288,4096,2097152,5632,16,0,4,0,1,0,2,23,4,0,0,3,0,6,95,0,0,0,0,0,0,0,0,0,0,0,0,0,0,0,0,0,0,0,0,0,0,0,0,0,0,0,0,0,0,0,0,0,0,0,0,0,0,0,0,0
332,3,0,1208111885,271,224,267,167982,814101,32768,4096,708608,4096,4096,1048576,798720,86016,4096,262144,0,16,0,5,1,5,1,7,10,4,0,0,2,0,14,349,0,0,0,0,0,0,0,0,0,0,0,0,0,0,0,0,0,0,0,0,0,0,0,0,0,0,0,0,0,0,0,0,0,0,0,0,0,0,0,0,0
332,3,0,1208111732,271,224,267,22894,136856,32768,4096,81920,1024,4096,1048576,147456,57344,4096,262144,0,16,0,5,1,5,1,7,10,4,0,0,2,0,11,270,0,0,0,0,0,0,0,0,0,0,0,0,0,0,0,0,0,0,0,0,0,0,0,0,0,0,0,0,0,0,0,0,0,0,0,0,0,0,0,0,0
332,3,0,1208113174,271,224,267,14886,92692,32768,4096,18944,1024,4096,1048576,45056,17408,4096,262144,0,16,0,5,1,5,1,7,10,4,0,0,3,0,10,83,0,0,0,0,0,0,0,0,0,0,0,0,0,0,0,0,0,0,0,0,0,0,0,0,0,0,0,0,0,0,0,0,0,0,0,0,0,0,0,0,0
332,3,0,1208112293,271,224,267,15910,76740,32768,4096,13312,1024,4096,1048576,28672,1536,4096,262144,0,16,0,5,1,5,1,7,10,4,0,0,2,0,4,34,0,0,0,0,0,0,0,0,0,0,0,0,0,0,0,0,0,0,0,0,0,0,0,0,0,0,0,0,0,0,0,0,0,0,0,0,0,0,0,0,0
332,4,0,1195265680,258,224,267,11165,181675,33088,4096,98304,4096,4096,1048576,155648,53248,32768,1048576,0,16,0,6,0,6,0,8,0,4,10,0,2,0,7,215,0,0,0,0,0,0,0,0,0,0,0,0,0,0,0,0,0,0,0,0,0,0,0,0,0,0,0,0,0,0,0,0,0,0,0,0,0,0,0,0,0
332,2,0,998081352,271,224,267,5024,47981,32768,4096,4096,4096,4096,1048576,12288,4096,4096,262144,0,16,0,5,1,5,1,7,0,4,0,0,2,0,4,9,0,0,0,0,0,0,0,0,0,0,0,0,0,0,0,0,0,0,0,0,0,0,0,0,0,0,0,0,0,0,0,0,0,0,0,0,0,0,0,0,0
332,3,0,998081658,271,224,267,43610,167457,32768,4096,49152,1024,4096,1048576,135168,77824,4096,262144,0,16,0,5,1,5,1,7,0,4,0,0,2,0,8,279,0,0,0,0,0,0,0,0,0,0,0,0,0,0,0,0,0,0,0,0,0,0,0,0,0,0,0,0,0,0,0,0,0,0,0,0,0,0,0,0,0
332,3,0,1208112992,271,224,267,10716,62261,32768,4096,8704,1024,4096,1048576,24576,1536,4096,262144,0,16,0,5,1,5,1,7,10,4,0,0,2,0,7,61,0,0,0,0,0,0,0,0,0,0,0,0,0,0,0,0,0,0,0,0,0,0,0,0,0,0,0,0,0,0,0,0,0,0,0,0,0,0,0,0,0
332,3,0,1208113060,271,224,267,34932,103027,32768,4096,35328,1024,4096,1048576,114688,72192,524288,1048576,0,16,0,5,1,5,1,7,10,4,0,0,3,0,10,119,0,0,0,0,0,0,0,0,0,0,0,0,0,0,0,0,0,0,0,0,0,0,0,0,0,0,0,0,0,0,0,0,0,0,0,0,0,0,0,0,0
332,12,0,1405441762,8450,224,267,243409,674014,0,4096,244736,1536,4096,1048576,688128,321024,4096,2097152,5632,16,0,4,0,1,0,2,23,4,0,0,3,0,8,177,0,0,0,0,0,0,0,0,0,0,0,0,0,0,0,0,0,0,0,0,0,0,0,0,0,0,0,0,0,0,0,0,0,0,0,0,0,0,0,0,0
332,3,0,998081338,271,224,267,11952,50328,32768,4096,9728,1024,4096,1048576,28672,8704,4096,262144,0,16,0,5,1,5,1,7,0,4,0,0,3,0,5,62,0,0,0,0,0,0,0,0,0,0,0,0,0,0,0,0,0,0,0,0,0,0,0,0,0,0,0,0,0,0,0,0,0,0,0,0,0,0,0,0,0
332,3,0,998081850,287,224,267,7755,62981,32768,4096,5120,1024,4096,1048576,40960,23552,4096,262144,0,16,0,5,1,5,1,7,0,4,0,0,2,0,4,54,0,0,0,0,0,0,0,0,0,0,0,0,0,0,0,0,0,0,0,0,0,0,0,0,0,0,0,0,0,0,0,0,0,0,0,0,0,0,0,0,0
332,3,0,1066275662,271,224,267,29892,208859,0,4096,167936,4096,4096,1048576,212992,40960,4096,1048576,0,16,0,4,0,0,0,6,20,4,0,0,2,0,11,227,0,0,0,0,0,0,0,0,0,0,0,0,0,0,0,0,0,0,0,0,0,0,0,0,0,0,0,0,0,0,0,0,0,0,0,0,0,0,0,0,0
332,3,0,1208111648,271,224,267,25113,72263,32768,4096,28160,1024,4096,1048576,40960,1536,16384,262144,0,16,0,5,1,5,1,7,10,4,0,0,3,0,6,163,0,0,0,0,0,0,0,0,0,0,0,0,0,0,0,0,0,0,0,0,0,0,0,0,0,0,0,0,0,0,0,0,0,0,0,0,0,0,0,0,0
332,3,0,998081829,271,224,267,7351,37867,32768,4096,9216,1024,4096,1048576,28672,7168,4096,262144,0,16,0,5,1,5,1,7,0,4,0,0,3,0,5,71,0,0,0,0,0,0,0,0,0,0,0,0,0,0,0,0,0,0,0,0,0,0,0,0,0,0,0,0,0,0,0,0,0,0,0,0,0,0,0,0,0
332,3,0,1208112053,271,224,267,16888,107777,32768,4096,50176,1024,4096,1048576,118784,58880,4096,262144,0,16,0,5,1,5,1,7,10,4,0,0,2,0,4,123,0,0,0,0,0,0,0,0,0,0,0,0,0,0,0,0,0,0,0,0,0,0,0,0,0,0,0,0,0,0,0,0,0,0,0,0,0,0,0,0,0
332,3,0,1208111765,271,224,267,4735,82299,33792,4096,2048,1024,4096,1048576,40960,26112,4096,262144,0,16,0,5,1,5,1,7,10,4,0,0,2,0,3,16,0,0,0,0,0,0,0,0,0,0,0,0,0,0,0,0,0,0,0,0,0,0,0,0,0,0,0,0,0,0,0,0,0,0,0,0,0,0,0,0,0
332,3,0,998081334,271,224,267,7754,64194,32768,4096,12800,1024,4096,1048576,36864,12800,4096,262144,0,16,0,5,1,5,1,7,0,4,0,0,3,0,5,75,0,0,0,0,0,0,0,0,0,0,0,0,0,0,0,0,0,0,0,0,0,0,0,0,0,0,0,0,0,0,0,0,0,0,0,0,0,0,0,0,0
332,3,0,1208111907,271,224,267,49933,195366,32768,4096,84992,1024,4096,1048576,180224,83968,71680,262144,0,16,0,5,1,5,1,7,10,4,0,0,2,0,15,291,0,0,0,0,0,0,0,0,0,0,0,0,0,0,0,0,0,0,0,0,0,0,0,0,0,0,0,0,0,0,0,0,0,0,0,0,0,0,0,0,0
332,3,0,1208111615,271,224,267,158535,1330216,32768,4096,217088,4096,4096,1048576,1306624,1077248,4096,262144,0,16,0,5,1,5,1,7,10,4,0,0,2,0,9,169,0,0,0,0,0,0,0,0,0,0,0,0,0,0,0,0,0,0,0,0,0,0,0,0,0,0,0,0,0,0,0,0,0,0,0,0,0,0,0,0,0
332,3,0,1208113175,271,224,267,5013,53777,32768,4096,6656,1024,4096,1048576,24576,6656,4096,262144,0,16,0,5,1,5,1,7,10,4,0,0,3,0,6,64,0,0,0,0,0,0,0,0,0,0,0,0,0,0,0,0,0,0,0,0,0,0,0,0,0,0,0,0,0,0,0,0,0,0,0,0,0,0,0,0,0
332,3,0,1208111978,271,224,267,42003,86129,32768,4096,52736,1024,4096,1048576,77824,13824,4096,262144,0,16,0,5,1,5,1,7,10,4,0,0,2,0,9,153,0,0,0,0,0,0,0,0,0,0,0,0,0,0,0,0,0,0,0,0,0,0,0,0,0,0,0,0,0,0,0,0,0,0,0,0,0,0,0,0,0
332,3,0,998081825,271,224,267,4882,38184,32768,4096,2048,1024,4096,1048576,16384,3072,4096,262144,0,16,0,5,1,5,1,7,0,4,0,0,3,0,4,25,0,0,0,0,0,0,0,0,0,0,0,0,0,0,0,0,0,0,0,0,0,0,0,0,0,0,0,0,0,0,0,0,0,0,0,0,0,0,0,0,0
332,3,0,998081326,271,224,267,4442,17468,32768,4096,4096,4096,4096,1048576,16384,8192,4096,262144,0,16,0,5,1,5,1,7,0,4,0,0,2,0,2,20,0,0,0,0,0,0,0,0,0,0,0,0,0,0,0,0,0,0,0,0,0,0,0,0,0,0,0,0,0,0,0,0,0,0,0,0,0,0,0,0,0
332,3,0,998082332,271,224,267,25114,50491,32768,4096,24064,1024,4096,1048576,40960,8192,4096,262144,0,16,0,5,1,5,1,7,0,4,0,0,3,0,6,94,0,0,0,0,0,0,0,0,0,0,0,0,0,0,0,0,0,0,0,0,0,0,0,0,0,0,0,0,0,0,0,0,0,0,0,0,0,0,0,0,0
332,3,0,998081678,271,224,267,126396,154137,32768,4096,126976,1024,4096,1048576,278528,143360,4096,262144,0,16,0,5,1,5,1,7,0,4,0,0,3,0,8,172,0,0,0,0,0,0,0,0,0,0,0,0,0,0,0,0,0,0,0,0,0,0,0,0,0,0,0,0,0,0,0,0,0,0,0,0,0,0,0,0,0
332,3,0,1208111638,271,224,267,28635,103218,0,4096,29696,1024,4096,1048576,81920,43008,4096,262144,0,16,0,5,1,5,1,7,10,4,0,0,2,0,13,164,0,0,0,0,0,0,0,0,0,0,0,0,0,0,0,0,0,0,0,0,0,0,0,0,0,0,0,0,0,0,0,0,0,0,0,0,0,0,0,0,0
332,12,0,1405441430,8450,224,267,13281,105066,0,4096,13824,1536,4096,1048576,135168,41472,4096,2097152,5632,16,0,4,0,1,0,2,23,4,0,0,3,0,4,69,0,0,0,0,0,0,0,0,0,0,0,0,0,0,0,0,0,0,0,0,0,0,0,0,0,0,0,0,0,0,0,0,0,0,0,0,0,0,0,0,0
332,3,0,1208112297,271,224,267,86943,189814,32768,4096,129024,1024,4096,1048576,184320,41984,4096,262144,0,16,0,5,1,5,1,7,10,4,0,0,3,0,7,127,0,0,0,0,0,0,0,0,0,0,0,0,0,0,0,0,0,0,0,0,0,0,0,0,0,0,0,0,0,0,0,0,0,0,0,0,0,0,0,0,0
332,3,0,998081629,271,224,267,9353,69151,32768,4096,8192,1024,4096,1048576,24576,7168,4096,262144,0,16,0,5,1,5,1,7,0,4,0,0,3,0,9,67,0,0,0,0,0,0,0,0,0,0,0,0,0,0,0,0,0,0,0,0,0,0,0,0,0,0,0,0,0,0,0,0,0,0,0,0,0,0,0,0,0
332,9,0,1405441458,8450,224,267,4974,65959,0,4096,4096,4096,4096,1048576,45056,24576,4096,2097152,4096,16,0,4,0,1,0,2,23,4,0,0,1,0,2,11,0,0,0,0,0,0,0,0,0,0,0,0,0,0,0,0,0,0,0,0,0,0,0,0,0,0,0,0,0,0,0,0,0,0,0,0,0,0,0,0,0
332,3,0,998081724,271,224,267,8399,61663,32768,4096,9728,1024,4096,1048576,28672,7168,4096,262144,0,16,0,5,1,5,1,7,0,4,0,0,3,0,5,60,0,0,0,0,0,0,0,0,0,0,0,0,0,0,0,0,0,0,0,0,0,0,0,0,0,0,0,0,0,0,0,0,0,0,0,0,0,0,0,0,0
332,9,0,1405441438,8450,224,267,4138,65097,0,4096,8192,4096,4096,1048576,53248,24576,4096,2097152,4096,16,0,4,0,1,0,2,23,4,0,0,1,0,2,18,0,0,0,0,0,0,0,0,0,0,0,0,0,0,0,0,0,0,0,0,0,0,0,0,0,0,0,0,0,0,0,0,0,0,0,0,0,0,0,0,0
332,11,0,1405441380,8450,224,267,9313,88073,0,4096,9728,1536,4096,1048576,81920,7168,4096,2097152,5632,16,0,4,0,1,0,2,23,4,0,0,3,0,3,62,0,0,0,0,0,0,0,0,0,0,0,0,0,0,0,0,0,0,0,0,0,0,0,0,0,0,0,0,0,0,0,0,0,0,0,0,0,0,0,0,0
332,3,0,1208113189,271,224,267,52669,110192,32768,4096,53760,1024,4096,1048576,196608,132608,4096,262144,0,16,0,5,1,5,1,7,10,4,0,0,3,0,9,185,0,0,0,0,0,0,0,0,0,0,0,0,0,0,0,0,0,0,0,0,0,0,0,0,0,0,0,0,0,0,0,0,0,0,0,0,0,0,0,0,0
332,3,0,998081698,271,224,267,28381,85980,32768,4096,29184,1024,4096,1048576,61440,19968,4096,262144,0,16,0,5,1,5,1,7,0,4,0,0,2,0,6,151,0,0,0,0,0,0,0,0,0,0,0,0,0,0,0,0,0,0,0,0,0,0,0,0,0,0,0,0,0,0,0,0,0,0,0,0,0,0,0,0,0
332,3,0,1208111528,271,224,267,39636,123464,32768,4096,67584,1024,4096,1048576,106496,27648,4096,262144,0,16,0,5,1,5,1,7,10,4,0,0,2,0,7,129,0,0,0,0,0,0,0,0,0,0,0,0,0,0,0,0,0,0,0,0,0,0,0,0,0,0,0,0,0,0,0,0,0,0,0,0,0,0,0,0,0
332,4,0,1405441199,8450,224,267,42,19935,0,4096,2560,1024,4096,1048576,20480,4608,4096,2097152,0,16,0,4,0,1,0,2,23,4,0,0,1,0,0,0,0,0,0,0,0,0,0,0,0,0,0,0,0,0,0,0,0,0,0,0,0,0,0,0,0,0,0,0,0,0,0,0,0,0,0,0,0,0,0,0,0
332,25,0,1208111466,302,224,267,1804298,2117246,0,128,1699328,1536,4096,1048576,2065792,364928,4096,262144,0,16,0,5,1,5,1,7,10,5,1,0,1,0,3,82,0,0,0,0,0,0,0,0,0,0,0,0,0,0,0,0,0,0,0,0,0,0,0,0,0,0,0,0,0,0,0,0,0,0,0,0,0,0,0,0,0
332,3,0,998081731,271,224,267,15648,103423,32768,4096,28160,1024,4096,1048576,61440,25600,4096,262144,0,16,0,5,1,5,1,7,0,4,0,0,2,0,6,108,0,0,0,0,0,0,0,0,0,0,0,0,0,0,0,0,0,0,0,0,0,0,0,0,0,0,0,0,0,0,0,0,0,0,0,0,0,0,0,0,0
332,12,0,1405441739,8450,224,267,19777,105324,0,4096,20480,1536,4096,1048576,114688,17920,4096,2097152,5632,16,0,4,0,1,0,2,23,4,0,0,3,0,8,93,0,0,0,0,0,0,0,0,0,0,0,0,0,0,0,0,0,0,0,0,0,0,0,0,0,0,0,0,0,0,0,0,0,0,0,0,0,0,0,0,0
332,3,0,998082337,271,224,267,28227,37982,32768,4096,27648,1024,4096,1048576,45056,7680,4096,262144,0,16,0,5,1,5,1,7,0,4,0,0,3,0,6,114,0,0,0,0,0,0,0,0,0,0,0,0,0,0,0,0,0,0,0,0,0,0,0,0,0,0,0,0,0,0,0,0,0,0,0,0,0,0,0,0,0
332,3,0,1208112458,271,224,267,150388,480970,32768,4096,213504,1024,4096,1048576,446464,220672,4096,262144,0,16,0,5,1,5,1,7,10,4,0,0,2,0,12,338,0,0,0,0,0,0,0,0,0,0,0,0,0,0,0,0,0,0,0,0,0,0,0,0,0,0,0,0,0,0,0,0,0,0,0,0,0,0,0,0,0
332,3,0,998081557,271,224,267,5375,52066,32768,4096,3584,1024,4096,1048576,40960,27648,40000,262144,0,16,0,5,1,5,1,7,0,4,0,0,2,0,9,34,0,0,0,0,0,0,0,0,0,0,0,0,0,0,0,0,0,0,0,0,0,0,0,0,0,0,0,0,0,0,0,0,0,0,0,0,0,0,0,0,0
332,3,0,1208111687,271,224,267,13246,81380,32768,4096,14336,1024,4096,1048576,28672,3584,4096,262144,0,16,0,5,1,5,1,7,10,4,10,0,2,0,11,100,0,0,0,0,0,0,0,0,0,0,0,0,0,0,0,0,0,0,0,0,0,0,0,0,0,0,0,0,0,0,0,0,0,0,0,0,0,0,0,0,0
332,3,0,998081330,271,224,267,11994,34005,32768,4096,9728,1024,4096,1048576,28672,9216,4096,262144,0,16,0,5,1,5,1,7,0,4,0,0,3,0,5,61,0,0,0,0,0,0,0,0,0,0,0,0,0,0,0,0,0,0,0,0,0,0,0,0,0,0,0,0,0,0,0,0,0,0,0,0,0,0,0,0,0
332,10,0,1405441637,259,224,267,53679,372459,0,4096,54784,1024,4096,1048576,356352,183808,4096,2097152,15872,16,0,4,0,1,0,2,23,4,0,0,2,0,10,225,0,0,0,0,0,0,0,0,0,0,0,0,0,0,0,0,0,0,0,0,0,0,0,0,0,0,0,0,0,0,0,0,0,0,0,0,0,0,0,0,0
332,3,0,998081748,271,224,267,7737,71597,32768,4096,19456,1024,4096,1048576,36864,7168,4096,262144,0,16,0,5,1,5,1,7,0,4,0,0,3,0,1,53,0,0,0,0,0,0,0,0,0,0,0,0,0,0,0,0,0,0,0,0,0,0,0,0,0,0,0,0,0,0,0,0,0,0,0,0,0,0,0,0,0
332,4,0,1405441200,8450,224,267,42,26722,0,4096,3072,1024,4096,1048576,20480,5120,4096,2097152,0,16,0,4,0,1,0,2,23,4,0,0,1,0,0,0,0,0,0,0,0,0,0,0,0,0,0,0,0,0,0,0,0,0,0,0,0,0,0,0,0,0,0,0,0,0,0,0,0,0,0,0,0,0,0,0,0
332,3,0,998081436,271,224,267,6354,49552,32768,4096,4096,1024,4096,1048576,16384,3584,32768,262144,0,16,0,5,1,5,1,7,0,4,0,0,2,0,3,48,0,0,0,0,0,0,0,0,0,0,0,0,0,0,0,0,0,0,0,0,0,0,0,0,0,0,0,0,0,0,0,0,0,0,0,0,0,0,0,0,0
332,3,0,1208111456,271,224,267,53705,88143,32768,4096,66048,1024,4096,1048576,106496,26624,4096,262144,0,16,0,5,1,5,1,7,10,4,0,0,2,0,7,120,0,0,0,0,0,0,0,0,0,0,0,0,0,0,0,0,0,0,0,0,0,0,0,0,0,0,0,0,0,0,0,0,0,0,0,0,0,0,0,0,0
332,3,0,1208111941,271,224,267,47871,167221,32768,4096,75264,1024,4096,1048576,122880,36864,4096,262144,0,16,0,5,1,5,1,7,10,4,0,0,2,0,16,230,0,0,0,0,0,0,0,0,0,0,0,0,0,0,0,0,0,0,0,0,0,0,0,0,0,0,0,0,0,0,0,0,0,0,0,0,0,0,0,0,0
332,3,0,1208112259,271,224,267,39924,105826,32768,4096,40448,1024,4096,1048576,73728,24064,4096,262144,0,16,0,5,1,5,1,7,10,4,0,0,3,0,10,123,0,0,0,0,0,0,0,0,0,0,0,0,0,0,0,0,0,0,0,0,0,0,0,0,0,0,0,0,0,0,0,0,0,0,0,0,0,0,0,0,0
332,11,0,1405441380,8450,224,267,17249,102195,0,4096,17920,1536,4096,1048576,102400,27136,4096,2097152,5632,16,0,4,0,1,0,2,23,4,0,0,3,0,4,69,0,0,0,0,0,0,0,0,0,0,0,0,0,0,0,0,0,0,0,0,0,0,0,0,0,0,0,0,0,0,0,0,0,0,0,0,0,0,0,0,0
332,3,0,1208111754,271,224,267,28549,80942,32768,4096,32256,1024,4096,1048576,86016,44544,4096,262144,0,16,0,5,1,5,1,7,10,4,0,0,2,0,11,233,0,0,0,0,0,0,0,0,0,0,0,0,0,0,0,0,0,0,0,0,0,0,0,0,0,0,0,0,0,0,0,0,0,0,0,0,0,0,0,0,0
332,3,0,1208111769,271,224,267,19261,76966,32768,4096,19968,1024,4096,1048576,102400,74240,4096,262144,0,16,0,5,1,5,1,7,10,4,0,0,2,0,9,141,0,0,0,0,0,0,0,0,0,0,0,0,0,0,0,0,0,0,0,0,0,0,0,0,0,0,0,0,0,0,0,0,0,0,0,0,0,0,0,0,0
332,12,0,1405441365,8450,224,267,5553,79479,0,4096,5632,1536,4096,1048576,69632,7168,4096,2097152,1024,16,0,4,0,1,0,2,23,4,0,0,3,0,3,42,0,0,0,0,0,0,0,0,0,0,0,0,0,0,0,0,0,0,0,0,0,0,0,0,0,0,0,0,0,0,0,0,0,0,0,0,0,0,0,0,0
332,3,0,1208113172,271,224,267,26031,63392,32768,4096,29184,1024,4096,1048576,65536,25600,4096,262144,0,16,0,5,1,5,1,7,10,4,0,0,3,0,12,111,0,0,0,0,0,0,0,0,0,0,0,0,0,0,0,0,0,0,0,0,0,0,0,0,0,0,0,0,0,0,0,0,0,0,0,0,0,0,0,0,0
332,3,0,1208111624,271,224,267,97693,156797,32768,4096,99328,1024,4096,1048576,159744,49152,12288,1048576,0,16,0,5,1,5,1,7,10,4,0,0,2,0,10,175,0,0,0,0,0,0,0,0,0,0,0,0,0,0,0,0,0,0,0,0,0,0,0,0,0,0,0,0,0,0,0,0,0,0,0,0,0,0,0,0,0
332,3,0,998081333,271,224,267,11928,55505,32768,4096,9728,1024,4096,1048576,28672,9216,4096,262144,0,16,0,5,1,5,1,7,0,4,0,0,3,0,5,65,0,0,0,0,0,0,0,0,0,0,0,0,0,0,0,0,0,0,0,0,0,0,0,0,0,0,0,0,0,0,0,0,0,0,0,0,0,0,0,0,0
332,3,0,998081709,271,224,267,34989,89445,32768,4096,35840,1024,4096,1048576,69632,24064,4096,262144,0,16,0,5,1,5,1,7,0,4,0,0,3,0,5,90,0,0,0,0,0,0,0,0,0,0,0,0,0,0,0,0,0,0,0,0,0,0,0,0,0,0,0,0,0,0,0,0,0,0,0,0,0,0,0,0,0
332,4,0,1208111629,271,224,267,29737,65445,32768,4096,49664,1024,4096,1048576,77824,12288,4096,262144,0,16,0,5,1,5,1,7,10,4,0,0,3,0,11,141,0,0,0,0,0,0,0,0,0,0,0,0,0,0,0,0,0,0,0,0,0,0,0,0,0,0,0,0,0,0,0,0,0,0,0,0,0,0,0,0,0
332,3,0,1208111615,271,224,267,149088,241835,32768,4096,209408,1024,4096,1048576,229376,8192,65536,262144,0,16,0,5,1,5,1,7,10,4,0,0,2,0,11,172,0,0,0,0,0,0,0,0,0,0,0,0,0,0,0,0,0,0,0,0,0,0,0,0,0,0,0,0,0,0,0,0,0,0,0,0,0,0,0,0,0
332,3,0,1208111925,271,224,267,10268,33942,32768,4096,10240,1024,4096,1048576,24576,2560,4096,262144,0,16,0,5,1,5,1,7,10,4,0,0,2,0,5,69,0,0,0,0,0,0,0,0,0,0,0,0,0,0,0,0,0,0,0,0,0,0,0,0,0,0,0,0,0,0,0,0,0,0,0,0,0,0,0,0,0
332,3,0,1208111515,271,224,267,58337,182182,32768,4096,87040,1024,4096,1048576,143360,48128,4096,262144,0,16,0,5,1,5,1,7,10,4,0,0,2,0,10,295,0,0,0,0,0,0,0,0,0,0,0,0,0,0,0,0,0,0,0,0,0,0,0,0,0,0,0,0,0,0,0,0,0,0,0,0,0,0,0,0,0
332,3,0,998081825,271,224,267,5484,22559,32768,4096,3072,1024,4096,1048576,20480,8704,4096,262144,0,16,0,5,1,5,1,7,0,4,0,0,3,0,5,38,0,0,0,0,0,0,0,0,0,0,0,0,0,0,0,0,0,0,0,0,0,0,0,0,0,0,0,0,0,0,0,0,0,0,0,0,0,0,0,0,0
332,12,0,1405441711,8450,224,267,6369,78694,0,4096,6656,1536,4096,1048576,73728,8192,4096,2097152,1024,16,0,4,0,1,0,2,23,4,0,0,3,0,5,48,0,0,0,0,0,0,0,0,0,0,0,0,0,0,0,0,0,0,0,0,0,0,0,0,0,0,0,0,0,0,0,0,0,0,0,0,0,0,0,0,0
332,3,0,1208111595,271,224,267,20058,50177,32768,4096,33792,1024,4096,1048576,57344,9728,4096,262144,0,16,0,5,1,5,1,7,10,4,0,0,2,0,6,152,0,0,0,0,0,0,0,0,0,0,0,0,0,0,0,0,0,0,0,0,0,0,0,0,0,0,0,0,0,0,0,0,0,0,0,0,0,0,0,0,0
332,3,0,1208111630,271,224,267,5919,68761,32768,4096,3584,1024,4096,1048576,24576,11264,4096,262144,0,16,0,5,1,5,1,7,10,4,0,0,3,0,2,45,0,0,0,0,0,0,0,0,0,0,0,0,0,0,0,0,0,0,0,0,0,0,0,0,0,0,0,0,0,0,0,0,0,0,0,0,0,0,0,0,0
332,3,0,1208111564,271,224,267,51448,176673,32768,4096,76800,1024,4096,1048576,135168,50176,4096,262144,0,16,0,5,1,5,1,7,10,4,0,0,2,0,8,162,0,0,0,0,0,0,0,0,0,0,0,0,0,0,0,0,0,0,0,0,0,0,0,0,0,0,0,0,0,0,0,0,0,0,0,0,0,0,0,0,0
332,3,0,1208111755,271,224,267,22002,28148,32768,4096,21504,1024,4096,1048576,40960,7168,4096,262144,0,16,0,5,1,5,1,7,10,4,0,0,2,0,5,113,0,0,0,0,0,0,0,0,0,0,0,0,0,0,0,0,0,0,0,0,0,0,0,0,0,0,0,0,0,0,0,0,0,0,0,0,0,0,0,0,0
332,3,0,1208111826,271,224,267,38008,77486,32768,4096,37888,1024,4096,1048576,69632,20480,4096,262144,0,16,0,5,1,5,1,7,10,4,10,0,2,0,8,132,0,0,0,0,0,0,0,0,0,0,0,0,0,0,0,0,0,0,0,0,0,0,0,0,0,0,0,0,0,0,0,0,0,0,0,0,0,0,0,0,0
332,7,0,1405441444,8450,224,267,6742,110066,0,4096,4096,4096,4096,1048576,40960,20480,4096,2097152,0,16,0,4,0,1,0,2,23,4,0,0,1,0,2,19,0,0,0,0,0,0,0,0,0,0,0,0,0,0,0,0,0,0,0,0,0,0,0,0,0,0,0,0,0,0,0,0,0,0,0,0,0,0,0,0,0
332,4,0,1208111633,271,224,267,27742,97643,32768,4096,47104,1024,4096,1048576,81920,22528,4096,262144,0,16,0,5,1,5,1,7,10,4,0,0,3,0,10,141,0,0,0,0,0,0,0,0,0,0,0,0,0,0,0,0,0,0,0,0,0,0,0,0,0,0,0,0,0,0,0,0,0,0,0,0,0,0,0,0,0
332,3,0,998081828,271,224,267,9716,55819,32768,4096,7680,1024,4096,1048576,28672,11264,4096,262144,0,16,0,5,1,5,1,7,0,4,0,0,3,0,7,58,0,0,0,0,0,0,0,0,0,0,0,0,0,0,0,0,0,0,0,0,0,0,0,0,0,0,0,0,0,0,0,0,0,0,0,0,0,0,0,0,0
332,3,0,1208113175,271,224,267,11145,72483,32768,4096,9728,1024,4096,1048576,32768,11776,4096,262144,0,16,0,5,1,5,1,7,10,4,0,0,3,0,6,60,0,0,0,0,0,0,0,0,0,0,0,0,0,0,0,0,0,0,0,0,0,0,0,0,0,0,0,0,0,0,0,0,0,0,0,0,0,0,0,0,0
332,3,0,1208114112,271,224,267,9523,21408,33792,4096,11264,1024,4096,1048576,24576,2560,16384,262144,0,16,0,5,1,5,1,7,10,4,0,0,2,0,4,79,0,0,0,0,0,0,0,0,0,0,0,0,0,0,0,0,0,0,0,0,0,0,0,0,0,0,0,0,0,0,0,0,0,0,0,0,0,0,0,0,0
332,12,0,1405441681,8450,224,267,24529,947974,0,4096,25600,1536,4096,1048576,933888,827904,4096,2097152,2048,16,0,4,0,1,0,2,23,4,0,0,3,0,13,122,0,0,0,0,0,0,0,0,0,0,0,0,0,0,0,0,0,0,0,0,0,0,0,0,0,0,0,0,0,0,0,0,0,0,0,0,0,0,0,0,0
332,3,0,1208111585,271,224,267,15748,75368,32768,4096,26624,1024,4096,1048576,40960,3584,4096,262144,0,16,0,5,1,5,1,7,10,4,0,0,2,0,5,88,0,0,0,0,0,0,0,0,0,0,0,0,0,0,0,0,0,0,0,0,0,0,0,0,0,0,0,0,0,0,0,0,0,0,0,0,0,0,0,0,0
332,3,0,998082107,271,224,267,18262,87030,0,4096,30720,1024,4096,1048576,45056,4096,4096,262144,0,16,0,5,1,5,1,7,0,4,0,0,3,0,4,91,0,0,0,0,0,0,0,0,0,0,0,0,0,0,0,0,0,0,0,0,0,0,0,0,0,0,0,0,0,0,0,0,0,0,0,0,0,0,0,0,0
332,4,0,1405441202,8450,224,267,42,43872,0,4096,4096,1024,4096,1048576,20480,6144,4096,2097152,0,16,0,4,0,1,0,2,23,4,0,0,1,0,0,0,0,0,0,0,0,0,0,0,0,0,0,0,0,0,0,0,0,0,0,0,0,0,0,0,0,0,0,0,0,0,0,0,0,0,0,0,0,0,0,0,0
332,4,50,1405441272,8966,224,267,42,38727,0,4096,0,1024,4096,1048576,20480,2560,4096,2097152,0,16,0,4,0,1,0,2,23,4,0,0,3,0,0,0,0,0,0,0,0,0,0,0,0,0,0,0,0,0,0,0,0,0,0,0,0,0,0,0,0,0,0,0,0,0,0,0,0,0,0,0,0,0,0,0,0
332,3,0,998081744,271,224,267,4643,98376,32768,4096,2048,1024,4096,1048576,65536,52224,4096,262144,0,16,0,5,1,5,1,7,0,4,0,0,2,0,3,21,0,0,0,0,0,0,0,0,0,0,0,0,0,0,0,0,0,0,0,0,0,0,0,0,0,0,0,0,0,0,0,0,0,0,0,0,0,0,0,0,0
332,3,0,1208112556,271,224,267,9381,63051,32768,4096,7680,1024,4096,1048576,20480,3072,4096,262144,0,16,0,5,1,5,1,7,10,4,0,0,2,0,4,61,0,0,0,0,0,0,0,0,0,0,0,0,0,0,0,0,0,0,0,0,0,0,0,0,0,0,0,0,0,0,0,0,0,0,0,0,0,0,0,0,0
332,3,0,990825146,271,224,267,12210,82619,0,4096,9728,1024,4096,1048576,53248,31744,4096,1048576,0,16,0,4,0,4,0,6,0,4,0,0,2,0,6,31,0,0,0,0,0,0,0,0,0,0,0,0,0,0,0,0,0,0,0,0,0,0,0,0,0,0,0,0,0,0,0,0,0,0,0,0,0,0,0,0,0
332,3,0,998081484,271,224,267,9802,62624,32768,4096,19456,1024,4096,1048576,45056,16896,4096,262144,0,16,0,5,1,5,1,7,0,4,0,0,2,0,6,82,0,0,0,0,0,0,0,0,0,0,0,0,0,0,0,0,0,0,0,0,0,0,0,0,0,0,0,0,0,0,0,0,0,0,0,0,0,0,0,0,0
332,3,0,1208111541,271,224,267,10011,18604,32768,4096,8704,1024,4096,1048576,24576,2560,4096,262144,0,16,0,5,1,5,1,7,10,4,0,0,2,0,4,75,0,0,0,0,0,0,0,0,0,0,0,0,0,0,0,0,0,0,0,0,0,0,0,0,0,0,0,0,0,0,0,0,0,0,0,0,0,0,0,0,0
332,3,0,1208111775,271,224,267,30549,109700,32768,4096,99840,1024,4096,1048576,118784,7680,4096,262144,0,16,0,5,1,5,1,7,10,4,0,0,2,0,8,240,0,0,0,0,0,0,0,0,0,0,0,0,0,0,0,0,0,0,0,0,0,0,0,0,0,0,0,0,0,0,0,0,0,0,0,0,0,0,0,0,0
332,3,0,1208111771,271,224,267,21914,64658,32768,4096,23040,1024,4096,1048576,61440,30208,4096,262144,0,16,0,5,1,5,1,7,10,4,0,0,2,0,13,114,0,0,0,0,0,0,0,0,0,0,0,0,0,0,0,0,0,0,0,0,0,0,0,0,0,0,0,0,0,0,0,0,0,0,0,0,0,0,0,0,0
332,3,0,1208111976,271,224,267,97523,146068,32768,4096,123392,1024,4096,1048576,155648,20992,4096,262144,0,16,0,5,1,5,1,7,10,4,0,0,2,0,18,262,0,0,0,0,0,0,0,0,0,0,0,0,0,0,0,0,0,0,0,0,0,0,0,0,0,0,0,0,0,0,0,0,0,0,0,0,0,0,0,0,0
332,3,0,998081615,271,224,267,6129,52099,32768,4096,3584,1024,4096,1048576,24576,10752,4096,262144,0,16,0,5,1,5,1,7,0,4,0,0,3,0,3,35,0,0,0,0,0,0,0,0,0,0,0,0,0,0,0,0,0,0,0,0,0,0,0,0,0,0,0,0,0,0,0,0,0,0,0,0,0,0,0,0,0
332,3,0,998081587,271,224,267,9074,65448,32768,4096,8192,1024,4096,1048576,20480,1536,4096,262144,0,16,0,5,1,5,1,7,0,4,0,0,3,0,4,74,0,0,0,0,0,0,0,0,0,0,0,0,0,0,0,0,0,0,0,0,0,0,0,0,0,0,0,0,0,0,0,0,0,0,0,0,0,0,0,0,0
332,3,0,998081888,271,224,267,5024,68983,32768,4096,2560,1024,4096,1048576,16384,2048,4096,262144,0,16,0,5,1,5,1,7,0,4,0,0,3,0,3,28,0,0,0,0,0,0,0,0,0,0,0,0,0,0,0,0,0,0,0,0,0,0,0,0,0,0,0,0,0,0,0,0,0,0,0,0,0,0,0,0,0
332,3,0,1180989235,271,224,267,4774,38642,32768,4096,2048,1024,4096,1048576,16384,3072,16384,262144,0,16,0,5,1,5,1,7,10,4,0,0,2,0,3,24,0,0,0,0,0,0,0,0,0,0,0,0,0,0,0,0,0,0,0,0,0,0,0,0,0,0,0,0,0,0,0,0,0,0,0,0,0,0,0,0,0
332,12,0,1405441394,8450,224,267,12305,97627,0,4096,12800,1536,4096,1048576,94208,8704,4096,2097152,5632,16,0,4,0,1,0,2,23,4,0,0,3,0,3,62,0,0,0,0,0,0,0,0,0,0,0,0,0,0,0,0,0,0,0,0,0,0,0,0,0,0,0,0,0,0,0,0,0,0,0,0,0,0,0,0,0
332,11,0,1405441768,8450,224,267,10433,93440,0,4096,10752,1536,4096,1048576,81920,6656,4096,2097152,5632,16,0,4,0,1,0,2,23,4,0,0,3,0,5,61,0,0,0,0,0,0,0,0,0,0,0,0,0,0,0,0,0,0,0,0,0,0,0,0,0,0,0,0,0,0,0,0,0,0,0,0,0,0,0,0,0
332,3,0,1208111627,271,224,267,18939,70905,32768,4096,32768,1024,4096,1048576,90112,47104,4096,262144,0,16,0,5,1,5,1,7,10,4,0,0,3,0,6,123,0,0,0,0,0,0,0,0,0,0,0,0,0,0,0,0,0,0,0,0,0,0,0,0,0,0,0,0,0,0,0,0,0,0,0,0,0,0,0,0,0
332,3,0,1208111465,271,224,267,34856,102405,32768,4096,49664,1024,4096,1048576,73728,11264,4096,262144,0,16,0,5,1,5,1,7,10,4,0,0,2,0,6,118,0,0,0,0,0,0,0,0,0,0,0,0,0,0,0,0,0,0,0,0,0,0,0,0,0,0,0,0,0,0,0,0,0,0,0,0,0,0,0,0,0
332,3,0,998081348,271,224,267,11994,92967,32768,4096,32768,4096,4096,1048576,77824,40960,4096,262144,0,16,0,5,1,5,1,7,0,4,0,0,2,0,4,65,0,0,0,0,0,0,0,0,0,0,0,0,0,0,0,0,0,0,0,0,0,0,0,0,0,0,0,0,0,0,0,0,0,0,0,0,0,0,0,0,0
332,3,0,998081889,271,224,267,4342,4331,32768,4096,1536,1024,4096,1048576,16384,1536,4096,262144,0,16,0,5,1,5,1,7,0,4,0,0,3,0,3,18,0,0,0,0,0,0,0,0,0,0,0,0,0,0,0,0,0,0,0,0,0,0,0,0,0,0,0,0,0,0,0,0,0,0,0,0,0,0,0,0,0
332,3,0,1208111931,271,224,267,37357,68446,32768,4096,57856,1024,4096,1048576,147456,75776,4096,262144,0,16,0,5,1,5,1,7,10,4,0,0,2,0,12,183,0,0,0,0,0,0,0,0,0,0,0,0,0,0,0,0,0,0,0,0,0,0,0,0,0,0,0,0,0,0,0,0,0,0,0,0,0,0,0,0,0
332,4,0,976557288,271,224,267,14648,137410,0,4096,53248,4096,4096,1048576,81920,24576,4096,1048576,0,16,0,4,0,0,0,6,0,4,0,0,2,0,6,103,0,0,0,0,0,0,0,0,0,0,0,0,0,0,0,0,0,0,0,0,0,0,0,0,0,0,0,0,0,0,0,0,0,0,0,0,0,0,0,0,0
332,3,0,998081628,271,224,267,9960,19983,32768,4096,10240,1024,4096,1048576,24576,1536,4096,262144,0,16,0,5,1,5,1,7,0,4,0,0,3,0,4,91,0,0,0,0,0,0,0,0,0,0,0,0,0,0,0,0,0,0,0,0,0,0,0,0,0,0,0,0,0,0,0,0,0,0,0,0,0,0,0,0,0
332,9,0,1405441456,8450,224,267,6736,91567,0,4096,8192,4096,4096,1048576,57344,24576,4096,2097152,4096,16,0,4,0,1,0,2,23,4,0,0,1,0,3,39,0,0,0,0,0,0,0,0,0,0,0,0,0,0,0,0,0,0,0,0,0,0,0,0,0,0,0,0,0,0,0,0,0,0,0,0,0,0,0,0,0
332,3,0,998081339,271,224,267,12632,74446,32768,4096,10752,1024,4096,1048576,28672,10752,4096,262144,0,16,0,5,1,5,1,7,0,4,0,0,3,0,5,70,0,0,0,0,0,0,0,0,0,0,0,0,0,0,0,0,0,0,0,0,0,0,0,0,0,0,0,0,0,0,0,0,0,0,0,0,0,0,0,0,0
332,3,0,1208111664,271,224,267,44320,159593,32768,4096,119296,1024,4096,1048576,139264,7168,4096,262144,0,16,0,5,1,5,1,7,10,4,0,0,2,0,9,188,0,0,0,0,0,0,0,0,0,0,0,0,0,0,0,0,0,0,0,0,0,0,0,0,0,0,0,0,0,0,0,0,0,0,0,0,0,0,0,0,0
332,3,0,1208111505,271,224,267,8102,59265,32768,4096,22016,1024,4096,1048576,40960,8192,4096,1048576,0,16,0,5,1,5,1,7,10,4,0,0,2,0,2,62,0,0,0,0,0,0,0,0,0,0,0,0,0,0,0,0,0,0,0,0,0,0,0,0,0,0,0,0,0,0,0,0,0,0,0,0,0,0,0,0,0
332,3,0,998081703,271,224,267,11022,56806,32768,4096,14336,1024,4096,1048576,28672,1536,8192,1048576,0,16,0,5,1,5,1,7,0,4,0,0,2,0,6,72,0,0,0,0,0,0,0,0,0,0,0,0,0,0,0,0,0,0,0,0,0,0,0,0,0,0,0,0,0,0,0,0,0,0,0,0,0,0,0,0,0
332,3,0,998081338,271,224,267,12254,30547,32768,4096,10240,1024,4096,1048576,28672,9216,4096,262144,0,16,0,5,1,5,1,7,0,4,0,0,3,0,5,64,0,0,0,0,0,0,0,0,0,0,0,0,0,0,0,0,0,0,0,0,0,0,0,0,0,0,0,0,0,0,0,0,0,0,0,0,0,0,0,0,0
332,8,0,1405441434,8450,224,267,7245,113581,0,4096,12288,4096,4096,1048576,69632,24576,4096,2097152,4096,16,0,4,0,1,0,2,23,4,0,0,1,0,2,33,0,0,0,0,0,0,0,0,0,0,0,0,0,0,0,0,0,0,0,0,0,0,0,0,0,0,0,0,0,0,0,0,0,0,0,0,0,0,0,0,0
332,3,0,1208113172,271,224,267,25300,79790,32768,4096,25088,1024,4096,1048576,69632,35328,4096,262144,0,16,0,5,1,5,1,7,10,4,0,0,3,0,6,126,0,0,0,0,0,0,0,0,0,0,0,0,0,0,0,0,0,0,0,0,0,0,0,0,0,0,0,0,0,0,0,0,0,0,0,0,0,0,0,0,0
332,3,0,1208111799,271,224,267,9663,76242,32768,4096,7680,1024,4096,1048576,20480,2048,4096,262144,0,16,0,5,1,5,1,7,10,4,0,0,2,0,3,59,0,0,0,0,0,0,0,0,0,0,0,0,0,0,0,0,0,0,0,0,0,0,0,0,0,0,0,0,0,0,0,0,0,0,0,0,0,0,0,0,0
332,3,0,998081212,271,224,267,35359,166915,32768,4096,55296,1024,4096,1048576,151552,85504,4096,262144,0,16,0,5,1,5,1,7,0,4,0,0,2,0,8,184,0,0,0,0,0,0,0,0,0,0,0,0,0,0,0,0,0,0,0,0,0,0,0,0,0,0,0,0,0,0,0,0,0,0,0,0,0,0,0,0,0
332,3,0,1208112261,271,224,267,45072,292212,32768,4096,144384,1024,4096,1048576,278528,123392,4096,262144,0,16,0,5,1,5,1,7,10,4,0,0,3,0,8,134,0,0,0,0,0,0,0,0,0,0,0,0,0,0,0,0,0,0,0,0,0,0,0,0,0,0,0,0,0,0,0,0,0,0,0,0,0,0,0,0,0
332,3,0,998081337,271,224,267,15744,80694,32768,4096,13824,1024,4096,1048576,49152,26624,4096,262144,0,16,0,5,1,5,1,7,0,4,0,0,3,0,6,73,0,0,0,0,0,0,0,0,0,0,0,0,0,0,0,0,0,0,0,0,0,0,0,0,0,0,0,0,0,0,0,0,0,0,0,0,0,0,0,0,0
332,3,0,1208113133,271,224,267,191387,570379,32768,4096,234496,1024,4096,1048576,548864,305664,4096,262144,0,16,0,5,1,5,1,7,10,4,0,0,2,0,15,789,0,0,0,0,0,0,0,0,0,0,0,0,0,0,0,0,0,0,0,0,0,0,0,0,0,0,0,0,0,0,0,0,0,0,0,0,0,0,0,0,0
332,3,0,1208111597,271,224,267,15667,126757,32768,4096,50688,1024,4096,1048576,94208,32256,4096,262144,0,16,0,5,1,5,1,7,10,4,0,0,2,0,9,145,0,0,0,0,0,0,0,0,0,0,0,0,0,0,0,0,0,0,0,0,0,0,0,0,0,0,0,0,0,0,0,0,0,0,0,0,0,0,0,0,0
332,3,0,998081609,271,224,267,5910,16714,32768,4096,3584,1024,4096,1048576,16384,3584,4096,262144,0,16,0,5,1,5,1,7,0,4,0,0,3,0,4,42,0,0,0,0,0,0,0,0,0,0,0,0,0,0,0,0,0,0,0,0,0,0,0,0,0,0,0,0,0,0,0,0,0,0,0,0,0,0,0,0,0
332,3,0,998081335,271,224,267,13770,35828,32768,4096,11776,1024,4096,1048576,28672,8704,4096,262144,0,16,0,5,1,5,1,7,0,4,0,0,3,0,5,75,0,0,0,0,0,0,0,0,0,0,0,0,0,0,0,0,0,0,0,0,0,0,0,0,0,0,0,0,0,0,0,0,0,0,0,0,0,0,0,0,0
332,3,0,998081841,271,224,267,15757,61492,32768,4096,33280,1024,4096,1048576,61440,19456,4096,262144,0,16,0,5,1,5,1,7,0,4,0,0,3,0,3,58,0,0,0,0,0,0,0,0,0,0,0,0,0,0,0,0,0,0,0,0,0,0,0,0,0,0,0,0,0,0,0,0,0,0,0,0,0,0,0,0,0
332,3,0,1208111639,271,224,267,14268,43668,32768,4096,12800,1024,4096,1048576,45056,20480,4096,262144,0,16,0,5,1,5,1,7,10,4,0,0,3,0,4,67,0,0,0,0,0,0,0,0,0,0,0,0,0,0,0,0,0,0,0,0,0,0,0,0,0,0,0,0,0,0,0,0,0,0,0,0,0,0,0,0,0
332,3,0,1208111839,271,224,267,4815,59627,33792,4096,2048,1024,4096,1048576,16384,2560,4096,262144,0,16,0,5,1,5,1,7,10,4,0,0,2,0,3,16,0,0,0,0,0,0,0,0,0,0,0,0,0,0,0,0,0,0,0,0,0,0,0,0,0,0,0,0,0,0,0,0,0,0,0,0,0,0,0,0,0
332,4,0,1200722503,258,224,267,218688,693637,33088,4096,332800,1536,4096,1048576,692224,348160,32768,262144,0,16,0,6,0,6,0,8,0,5,1,0,2,0,18,372,0,0,0,0,0,0,0,0,0,0,0,0,0,0,0,0,0,0,0,0,0,0,0,0,0,0,0,0,0,0,0,0,0,0,0,0,0,0,0,0,0
332,3,0,998081891,271,224,267,29884,55319,32768,4096,28160,1024,4096,1048576,40960,4096,4096,262144,0,16,0,5,1,5,1,7,0,4,0,0,3,0,4,56,0,0,0,0,0,0,0,0,0,0,0,0,0,0,0,0,0,0,0,0,0,0,0,0,0,0,0,0,0,0,0,0,0,0,0,0,0,0,0,0,0
332,3,0,1208112173,271,224,267,13955,65465,32768,4096,11776,1024,4096,1048576,24576,3072,4096,262144,0,16,0,5,1,5,1,7,10,4,0,0,2,0,4,58,0,0,0,0,0,0,0,0,0,0,0,0,0,0,0,0,0,0,0,0,0,0,0,0,0,0,0,0,0,0,0,0,0,0,0,0,0,0,0,0,0
332,4,0,1405441202,8450,224,267,42,26204,0,4096,3072,1024,4096,1048576,20480,5120,4096,2097152,0,16,0,4,0,1,0,2,23,4,0,0,1,0,0,0,0,0,0,0,0,0,0,0,0,0,0,0,0,0,0,0,0,0,0,0,0,0,0,0,0,0,0,0,0,0,0,0,0,0,0,0,0,0,0,0,0
332,4,0,998081866,270,224,267,8668,30277,0,4096,6144,1024,4096,1048576,86016,68096,4096,262144,0,16,0,5,1,5,1,7,0,5,1,0,1,0,1,36,0,0,0,0,0,0,0,0,0,0,0,0,0,0,0,0,0,0,0,0,0,0,0,0,0,0,0,0,0,0,0,0,0,0,0,0,0,0,0,0,0
332,7,0,1405441429,8450,224,267,8873,100968,0,4096,8192,4096,4096,1048576,40960,20480,4096,2097152,0,16,0,4,0,1,0,2,23,4,0,0,1,0,1,10,0,0,0,0,0,0,0,0,0,0,0,0,0,0,0,0,0,0,0,0,0,0,0,0,0,0,0,0,0,0,0,0,0,0,0,0,0,0,0,0,0
332,3,0,1208120649,287,224,267,255499,550264,32768,4096,461312,1024,4096,1048576,528384,57856,20480,262144,0,16,0,5,1,21315,20512,7,10,4,0,0,2,0,20,632,0,0,0,0,0,0,0,0,0,0,0,0,0,0,0,0,0,0,0,0,0,0,0,0,0,0,0,0,0,0,0,0,0,0,0,0,0,0,0,0,0
332,3,0,998081676,271,224,267,27190,69025,32768,4096,27648,1024,4096,1048576,45056,8704,65536,262144,0,16,0,5,1,5,1,7,0,4,0,0,2,0,4,86,0,0,0,0,0,0,0,0,0,0,0,0,0,0,0,0,0,0,0,0,0,0,0,0,0,0,0,0,0,0,0,0,0,0,0,0,0,0,0,0,0
332,3,0,990825147,271,224,267,12210,99095,0,4096,9728,1024,4096,1048576,53248,31744,4096,1048576,0,16,0,4,0,4,0,6,0,4,0,0,2,0,6,31,0,0,0,0,0,0,0,0,0,0,0,0,0,0,0,0,0,0,0,0,0,0,0,0,0,0,0,0,0,0,0,0,0,0,0,0,0,0,0,0,0
332,3,0,998081616,271,224,267,7283,54247,32768,4096,6656,1024,4096,1048576,20480,1536,4096,262144,0,16,0,5,1,5,1,7,0,4,0,0,3,0,5,77,0,0,0,0,0,0,0,0,0,0,0,0,0,0,0,0,0,0,0,0,0,0,0,0,0,0,0,0,0,0,0,0,0,0,0,0,0,0,0,0,0
332,3,0,1208111578,271,224,267,11146,49526,32768,4096,9728,1024,4096,1048576,32768,12288,4096,262144,0,16,0,5,1,5,1,7,10,4,0,0,3,0,4,60,0,0,0,0,0,0,0,0,0,0,0,0,0,0,0,0,0,0,0,0,0,0,0,0,0,0,0,0,0,0,0,0,0,0,0,0,0,0,0,0,0
332,11,0,1405441432,8450,224,267,34001,138030,0,4096,34304,1536,4096,1048576,147456,14336,4096,2097152,5632,16,0,4,0,1,0,2,23,4,0,0,3,0,3,70,0,0,0,0,0,0,0,0,0,0,0,0,0,0,0,0,0,0,0,0,0,0,0,0,0,0,0,0,0,0,0,0,0,0,0,0,0,0,0,0,0
332,3,0,998081833,271,224,267,9411,57613,32768,4096,19968,1024,4096,1048576,65536,36864,4096,262144,0,16,0,5,1,5,1,7,0,4,0,0,2,0,8,129,0,0,0,0,0,0,0,0,0,0,0,0,0,0,0,0,0,0,0,0,0,0,0,0,0,0,0,0,0,0,0,0,0,0,0,0,0,0,0,0,0
332,4,0,1208112086,271,224,267,35800,92728,32768,4096,59904,1024,4096,1048576,90112,15360,4096,262144,0,16,0,5,1,5,1,7,10,4,0,0,3,0,13,168,0,0,0,0,0,0,0,0,0,0,0,0,0,0,0,0,0,0,0,0,0,0,0,0,0,0,0,0,0,0,0,0,0,0,0,0,0,0,0,0,0
332,9,0,1405441353,259,224,267,5357,73719,0,4096,6144,1024,4096,1048576,61440,5120,4096,2097152,1536,16,0,4,0,1,0,2,23,4,0,0,2,0,3,55,0,0,0,0,0,0,0,0,0,0,0,0,0,0,0,0,0,0,0,0,0,0,0,0,0,0,0,0,0,0,0,0,0,0,0,0,0,0,0,0,0
332,3,0,998081390,271,224,267,26480,81790,32768,4096,25600,1024,4096,1048576,65536,29696,4096,262144,0,16,0,5,1,5,1,7,0,4,0,0,3,0,5,91,0,0,0,0,0,0,0,0,0,0,0,0,0,0,0,0,0,0,0,0,0,0,0,0,0,0,0,0,0,0,0,0,0,0,0,0,0,0,0,0,0
332,9,0,1405441466,8450,224,267,9489,256022,0,4096,77824,4096,4096,1048576,225280,49152,4096,2097152,0,16,0,4,0,1,0,2,23,4,0,0,1,0,3,88,0,0,0,0,0,0,0,0,0,0,0,0,0,0,0,0,0,0,0,0,0,0,0,0,0,0,0,0,0,0,0,0,0,0,0,0,0,0,0,0,0
332,3,0,998081333,303,224,267,4683,55565,32768,4096,2048,1024,4096,1048576,16384,1536,16384,262144,0,16,0,5,1,5,1,7,0,4,0,0,2,0,3,26,0,0,0,0,0,0,0,0,0,0,0,0,0,0,0,0,0,0,0,0,0,0,0,0,0,0,0,0,0,0,0,0,0,0,0,0,0,0,0,0,0
332,3,0,1208111776,271,224,267,53671,84169,32768,4096,52224,1024,4096,1048576,65536,5120,4096,262144,0,16,0,5,1,5,1,7,10,4,0,0,3,0,5,87,0,0,0,0,0,0,0,0,0,0,0,0,0,0,0,0,0,0,0,0,0,0,0,0,0,0,0,0,0,0,0,0,0,0,0,0,0,0,0,0,0
332,3,0,1208111917,271,224,267,17283,69882,32768,4096,16384,1024,4096,1048576,45056,20480,4096,262144,0,16,0,5,1,5,1,7,10,4,0,0,2,0,5,111,0,0,0,0,0,0,0,0,0,0,0,0,0,0,0,0,0,0,0,0,0,0,0,0,0,0,0,0,0,0,0,0,0,0,0,0,0,0,0,0,0
332,4,0,1405441199,8450,224,267,42,27544,0,4096,3584,1024,4096,1048576,20480,5632,4096,2097152,0,16,0,4,0,1,0,2,23,4,0,0,1,0,0,0,0,0,0,0,0,0,0,0,0,0,0,0,0,0,0,0,0,0,0,0,0,0,0,0,0,0,0,0,0,0,0,0,0,0,0,0,0,0,0,0,0
332,3,0,998082053,271,224,267,40630,101010,32768,4096,41472,1024,4096,1048576,57344,5120,4096,262144,0,16,0,5,1,5,1,7,0,4,0,0,3,0,6,135,0,0,0,0,0,0,0,0,0,0,0,0,0,0,0,0,0,0,0,0,0,0,0,0,0,0,0,0,0,0,0,0,0,0,0,0,0,0,0,0,0
332,3,0,1208111636,271,224,267,92488,199508,32768,4096,96768,1024,4096,1048576,417792,313344,4096,262144,0,16,0,5,1,5,1,7,10,4,0,0,2,0,14,315,0,0,0,0,0,0,0,0,0,0,0,0,0,0,0,0,0,0,0,0,0,0,0,0,0,0,0,0,0,0,0,0,0,0,0,0,0,0,0,0,0
332,11,0,1405441687,8450,224,267,22225,104085,0,4096,23040,1536,4096,1048576,106496,10240,4096,2097152,5632,16,0,4,0,1,0,2,23,4,0,0,3,0,5,79,0,0,0,0,0,0,0,0,0,0,0,0,0,0,0,0,0,0,0,0,0,0,0,0,0,0,0,0,0,0,0,0,0,0,0,0,0,0,0,0,0
332,3,0,998081482,271,224,267,8378,62629,32768,4096,7680,1024,4096,1048576,28672,11776,8000,262144,0,16,0,5,1,5,1,7,0,4,0,0,2,0,5,102,0,0,0,0,0,0,0,0,0,0,0,0,0,0,0,0,0,0,0,0,0,0,0,0,0,0,0,0,0,0,0,0,0,0,0,0,0,0,0,0,0
332,4,0,1405441201,8450,224,267,42,36920,0,4096,3584,1024,4096,1048576,20480,5632,4096,2097152,0,16,0,4,0,1,0,2,23,4,0,0,1,0,0,0,0,0,0,0,0,0,0,0,0,0,0,0,0,0,0,0,0,0,0,0,0,0,0,0,0,0,0,0,0,0,0,0,0,0,0,0,0,0,0,0,0
332,3,0,1208114401,287,224,267,17989,104821,32768,4096,48128,1024,4096,1048576,65536,8704,32768,262144,0,16,0,5,1,5,1,7,10,4,0,0,2,0,6,88,0,0,0,0,0,0,0,0,0,0,0,0,0,0,0,0,0,0,0,0,0,0,0,0,0,0,0,0,0,0,0,0,0,0,0,0,0,0,0,0,0
332,12,0,1405441758,8450,224,267,74417,262695,0,4096,74752,1536,4096,1048576,278528,46592,4096,2097152,5632,16,0,4,0,1,0,2,23,4,0,0,3,0,7,109,0,0,0,0,0,0,0,0,0,0,0,0,0,0,0,0,0,0,0,0,0,0,0,0,0,0,0,0,0,0,0,0,0,0,0,0,0,0,0,0,0
332,12,0,1405441399,8450,224,267,115009,321124,0,4096,115712,1536,4096,1048576,356352,57344,4096,2097152,5632,16,0,4,0,1,0,2,23,4,0,0,3,0,5,127,0,0,0,0,0,0,0,0,0,0,0,0,0,0,0,0,0,0,0,0,0,0,0,0,0,0,0,0,0,0,0,0,0,0,0,0,0,0,0,0,0
332,3,0,1208111494,303,224,267,5351,65884,32768,4096,4608,1024,4096,1048576,24576,7680,24576,262144,0,16,0,5,1,5,1,7,10,4,0,0,2,0,5,42,0,0,0,0,0,0,0,0,0,0,0,0,0,0,0,0,0,0,0,0,0,0,0,0,0,0,0,0,0,0,0,0,0,0,0,0,0,0,0,0,0
332,3,0,998081577,271,224,267,4386,35129,32768,4096,1536,1024,4096,1048576,40960,25600,4096,262144,0,16,0,5,1,5,1,7,0,4,0,0,2,0,3,19,0,0,0,0,0,0,0,0,0,0,0,0,0,0,0,0,0,0,0,0,0,0,0,0,0,0,0,0,0,0,0,0,0,0,0,0,0,0,0,0,0
332,3,0,1187700815,271,224,267,24625,63187,32768,4096,28672,1024,4096,1048576,40960,5120,8192,262144,0,16,0,5,2,5,2,7,10,5,0,0,3,0,6,73,0,0,0,0,0,0,0,0,0,0,0,0,0,0,0,0,0,0,0,0,0,0,0,0,0,0,0,0,0,0,0,0,0,0,0,0,0,0,0,0,0
332,3,0,1208111918,271,224,267,44308,137722,32768,4096,92160,1024,4096,1048576,131072,26624,4096,262144,0,16,0,5,1,5,1,7,10,4,0,0,2,0,9,233,0,0,0,0,0,0,0,0,0,0,0,0,0,0,0,0,0,0,0,0,0,0,0,0,0,0,0,0,0,0,0,0,0,0,0,0,0,0,0,0,0
332,3,0,1208114417,271,224,267,4335,104269,33792,4096,8192,4096,4096,1048576,73728,61440,4096,262144,0,16,0,5,1,5,1,7,10,4,0,0,2,0,3,45,0,0,0,0,0,0,0,0,0,0,0,0,0,0,0,0,0,0,0,0,0,0,0,0,0,0,0,0,0,0,0,0,0,0,0,0,0,0,0,0,0
332,3,0,1208111762,1295,224,267,15602,114643,32768,4096,27136,1024,4096,1048576,118784,82432,4096,262144,0,16,0,5,1,5,1,7,10,4,0,0,2,0,8,111,0,0,0,0,0,0,0,0,0,0,0,0,0,0,0,0,0,0,0,0,0,0,0,0,0,0,0,0,0,0,0,0,0,0,0,0,0,0,0,0,0
332,3,0,1208113190,271,224,267,46028,88288,32768,4096,53248,1024,4096,1048576,86016,24064,4096,262144,0,16,0,5,1,5,1,7,10,4,0,0,2,0,9,237,0,0,0,0,0,0,0,0,0,0,0,0,0,0,0,0,0,0,0,0,0,0,0,0,0,0,0,0,0,0,0,0,0,0,0,0,0,0,0,0,0
332,3,0,1208111772,271,224,267,109083,266855,32768,4096,110592,1024,4096,1048576,221184,104448,4096,262144,0,16,0,5,1,5,1,7,10,4,0,0,2,0,11,191,0,0,0,0,0,0,0,0,0,0,0,0,0,0,0,0,0,0,0,0,0,0,0,0,0,0,0,0,0,0,0,0,0,0,0,0,0,0,0,0,0
332,4,0,1208111924,271,224,267,43908,66571,32768,4096,43520,1024,4096,1048576,61440,5120,4096,262144,0,16,0,5,1,5,1,7,10,4,0,0,3,0,7,94,0,0,0,0,0,0,0,0,0,0,0,0,0,0,0,0,0,0,0,0,0,0,0,0,0,0,0,0,0,0,0,0,0,0,0,0,0,0,0,0,0
332,3,0,1208111634,271,224,267,28116,101403,32768,4096,26624,1024,4096,1048576,106496,70144,4096,262144,0,16,0,5,1,5,1,7,10,4,0,0,3,0,4,91,0,0,0,0,0,0,0,0,0,0,0,0,0,0,0,0,0,0,0,0,0,0,0,0,0,0,0,0,0,0,0,0,0,0,0,0,0,0,0,0,0
332,4,0,1405441205,8450,224,267,42,7561,0,4096,4096,1024,4096,1048576,20480,6144,4096,2097152,0,16,0,4,0,1,0,2,23,4,0,0,1,0,0,0,0,0,0,0,0,0,0,0,0,0,0,0,0,0,0,0,0,0,0,0,0,0,0,0,0,0,0,0,0,0,0,0,0,0,0,0,0,0,0,0,0
332,12,0,1405441366,8450,224,267,5233,75056,0,4096,5632,1536,4096,1048576,102400,29696,4096,2097152,1024,16,0,4,0,1,0,2,23,4,0,0,3,0,2,42,0,0,0,0,0,0,0,0,0,0,0,0,0,0,0,0,0,0,0,0,0,0,0,0,0,0,0,0,0,0,0,0,0,0,0,0,0,0,0,0,0
332,10,0,1405441636,259,224,267,14405,564079,0,4096,15360,1024,4096,1048576,544768,446976,4096,2097152,3072,16,0,4,0,1,0,2,23,4,0,0,2,0,6,109,0,0,0,0,0,0,0,0,0,0,0,0,0,0,0,0,0,0,0,0,0,0,0,0,0,0,0,0,0,0,0,0,0,0,0,0,0,0,0,0,0
332,3,0,1117068219,271,224,267,5553,54048,32768,4096,3072,1024,4096,1048576,20480,7168,8192,262144,0,16,0,5,2,5,2,7,10,4,0,0,2,0,4,33,0,0,0,0,0,0,0,0,0,0,0,0,0,0,0,0,0,0,0,0,0,0,0,0,0,0,0,0,0,0,0,0,0,0,0,0,0,0,0,0,0
332,9,0,1405441454,8450,224,267,20651,93996,0,4096,20480,4096,4096,1048576,77824,24576,4096,2097152,4096,16,0,4,0,1,0,2,23,4,0,0,1,0,3,32,0,0,0,0,0,0,0,0,0,0,0,0,0,0,0,0,0,0,0,0,0,0,0,0,0,0,0,0,0,0,0,0,0,0,0,0,0,0,0,0,0
332,4,0,1208112086,271,224,267,33650,135432,32768,4096,62464,1024,4096,1048576,94208,14336,4096,262144,0,16,0,5,1,5,1,7,10,4,0,0,3,0,13,170,0,0,0,0,0,0,0,0,0,0,0,0,0,0,0,0,0,0,0,0,0,0,0,0,0,0,0,0,0,0,0,0,0,0,0,0,0,0,0,0,0
332,3,0,1208111994,271,224,267,4427,44977,32768,4096,1536,1024,4096,1048576,16384,2048,4096,262144,0,16,0,5,1,5,1,7,10,4,0,0,3,0,3,17,0,0,0,0,0,0,0,0,0,0,0,0,0,0,0,0,0,0,0,0,0,0,0,0,0,0,0,0,0,0,0,0,0,0,0,0,0,0,0,0,0
332,7,0,1405441463,8450,224,267,5008,80584,0,4096,20480,4096,4096,1048576,73728,20480,4096,2097152,0,16,0,4,0,1,0,2,23,4,0,0,1,0,4,57,0,0,0,0,0,0,0,0,0,0,0,0,0,0,0,0,0,0,0,0,0,0,0,0,0,0,0,0,0,0,0,0,0,0,0,0,0,0,0,0,0
332,3,0,998081681,271,224,267,4493,8400,32768,4096,1536,1024,4096,1048576,16384,2560,4096,262144,0,16,0,5,1,5,1,7,0,4,0,0,2,0,3,21,0,0,0,0,0,0,0,0,0,0,0,0,0,0,0,0,0,0,0,0,0,0,0,0,0,0,0,0,0,0,0,0,0,0,0,0,0,0,0,0,0
332,3,0,1208111515,271,224,267,84519,178748,32768,4096,87552,1024,4096,1048576,155648,61440,4096,262144,0,16,0,5,1,5,1,7,10,5,0,0,2,0,8,285,0,0,0,0,0,0,0,0,0,0,0,0,0,0,0,0,0,0,0,0,0,0,0,0,0,0,0,0,0,0,0,0,0,0,0,0,0,0,0,0,0
332,3,0,1208111916,271,224,267,4413,13642,32768,4096,1536,1024,4096,1048576,16384,1536,4096,262144,0,16,0,5,1,5,1,7,10,4,0,0,2,0,2,17,0,0,0,0,0,0,0,0,0,0,0,0,0,0,0,0,0,0,0,0,0,0,0,0,0,0,0,0,0,0,0,0,0,0,0,0,0,0,0,0,0
332,12,0,1405441820,8450,224,267,11681,100430,0,4096,12288,1536,4096,1048576,86016,9216,4096,2097152,1024,16,0,4,0,1,0,2,23,4,0,0,3,0,5,94,0,0,0,0,0,0,0,0,0,0,0,0,0,0,0,0,0,0,0,0,0,0,0,0,0,0,0,0,0,0,0,0,0,0,0,0,0,0,0,0,0
332,3,0,1208112054,3343,224,267,74294,290079,32768,4096,85504,1024,4096,1048576,266240,171008,262144,262144,0,16,0,5,1,5,1,7,10,4,0,0,2,0,14,288,0,0,0,0,0,0,0,0,0,0,0,0,0,0,0,0,0,0,0,0,0,0,0,0,0,0,0,0,0,0,0,0,0,0,0,0,0,0,0,0,0
332,3,0,1208111450,271,224,267,72233,133501,32768,4096,72192,1024,4096,1048576,86016,2048,4096,262144,0,16,0,5,1,5,1,7,10,4,0,0,3,0,8,114,0,0,0,0,0,0,0,0,0,0,0,0,0,0,0,0,0,0,0,0,0,0,0,0,0,0,0,0,0,0,0,0,0,0,0,0,0,0,0,0,0
332,11,0,1405441522,258,224,267,1309851,4116649,0,4096,1554944,1536,4096,1048576,4235264,559616,4096,2097152,111616,16,0,4,0,1,0,2,23,4,0,0,1,0,2,57,0,0,0,0,0,0,0,0,0,0,0,0,0,0,0,0,0,0,0,0,0,0,0,0,0,0,0,0,0,0,0,0,0,0,0,0,0,0,0,0,0
332,11,0,1405441337,8450,224,267,4138,593373,0,4096,182272,1536,4096,1048576,618496,92672,4096,2097152,8704,16,0,4,0,1,0,2,23,4,0,0,3,0,2,152,0,0,0,0,0,0,0,0,0,0,0,0,0,0,0,0,0,0,0,0,0,0,0,0,0,0,0,0,0,0,0,0,0,0,0,0,0,0,0,0,0
332,3,0,1208111451,271,224,267,15004,60527,32768,4096,25600,1024,4096,1048576,40960,5120,4096,262144,0,16,0,5,1,5,1,7,10,4,0,0,2,0,4,81,0,0,0,0,0,0,0,0,0,0,0,0,0,0,0,0,0,0,0,0,0,0,0,0,0,0,0,0,0,0,0,0,0,0,0,0,0,0,0,0,0
332,3,0,1208111485,271,224,267,8964,50656,33792,4096,12288,4096,4096,1048576,24576,8192,4096,262144,0,16,0,5,1,5,1,7,10,4,0,0,2,0,7,71,0,0,0,0,0,0,0,0,0,0,0,0,0,0,0,0,0,0,0,0,0,0,0,0,0,0,0,0,0,0,0,0,0,0,0,0,0,0,0,0,0
332,3,0,998081592,271,224,267,7324,33193,32768,4096,6656,1024,4096,1048576,20480,1536,4096,262144,0,16,0,5,1,5,1,7,0,4,0,0,3,0,4,74,0,0,0,0,0,0,0,0,0,0,0,0,0,0,0,0,0,0,0,0,0,0,0,0,0,0,0,0,0,0,0,0,0,0,0,0,0,0,0,0,0
332,7,0,1405441591,8450,224,267,4530,47252,0,4096,4096,4096,4096,1048576,36864,20480,4096,2097152,0,16,0,4,0,1,0,2,23,4,0,0,1,0,2,11,0,0,0,0,0,0,0,0,0,0,0,0,0,0,0,0,0,0,0,0,0,0,0,0,0,0,0,0,0,0,0,0,0,0,0,0,0,0,0,0,0
332,3,0,998081772,271,224,267,7930,20599,32768,4096,5632,1024,4096,1048576,24576,6656,4096,262144,0,16,0,5,1,5,1,7,0,4,0,0,2,0,5,42,0,0,0,0,0,0,0,0,0,0,0,0,0,0,0,0,0,0,0,0,0,0,0,0,0,0,0,0,0,0,0,0,0,0,0,0,0,0,0,0,0
332,3,0,1208111819,271,224,267,15145,70679,32768,4096,16384,4096,4096,1048576,32768,12288,4096,262144,0,16,0,5,1,5,1,7,10,4,0,0,2,0,8,116,0,0,0,0,0,0,0,0,0,0,0,0,0,0,0,0,0,0,0,0,0,0,0,0,0,0,0,0,0,0,0,0,0,0,0,0,0,0,0,0,0
332,4,0,1405441199,8450,224,267,42,15736,0,4096,3072,1024,4096,1048576,20480,5120,4096,2097152,0,16,0,4,0,1,0,2,23,4,0,0,1,0,0,0,0,0,0,0,0,0,0,0,0,0,0,0,0,0,0,0,0,0,0,0,0,0,0,0,0,0,0,0,0,0,0,0,0,0,0,0,0,0,0,0,0
332,3,0,1208112023,271,224,267,51158,137771,32768,4096,112128,1024,4096,1048576,131072,7680,4096,262144,0,16,0,5,1,5,1,7,10,4,0,0,3,0,10,165,0,0,0,0,0,0,0,0,0,0,0,0,0,0,0,0,0,0,0,0,0,0,0,0,0,0,0,0,0,0,0,0,0,0,0,0,0,0,0,0,0
332,3,0,1208111729,271,224,267,8459,40963,32768,4096,18432,1024,4096,1048576,32768,5120,4096,1572864,0,16,0,5,1,5,1,7,10,4,0,0,2,0,1,56,0,0,0,0,0,0,0,0,0,0,0,0,0,0,0,0,0,0,0,0,0,0,0,0,0,0,0,0,0,0,0,0,0,0,0,0,0,0,0,0,0
332,3,0,1208111616,271,224,267,16090,69772,32768,4096,14848,1024,4096,1048576,28672,3072,4096,262144,0,16,0,5,1,5,1,7,10,4,0,0,3,0,7,75,0,0,0,0,0,0,0,0,0,0,0,0,0,0,0,0,0,0,0,0,0,0,0,0,0,0,0,0,0,0,0,0,0,0,0,0,0,0,0,0,0
332,10,0,1405441352,259,224,267,8616,80664,0,4096,9728,1024,4096,1048576,73728,8192,4096,2097152,1536,16,0,4,0,1,0,2,23,4,0,0,3,0,4,74,0,0,0,0,0,0,0,0,0,0,0,0,0,0,0,0,0,0,0,0,0,0,0,0,0,0,0,0,0,0,0,0,0,0,0,0,0,0,0,0,0
332,4,0,1405441206,8450,224,267,42,52227,0,4096,3584,1024,4096,1048576,20480,5632,4096,2097152,0,16,0,4,0,1,0,2,23,4,0,0,1,0,0,0,0,0,0,0,0,0,0,0,0,0,0,0,0,0,0,0,0,0,0,0,0,0,0,0,0,0,0,0,0,0,0,0,0,0,0,0,0,0,0,0,0
332,4,0,1405441202,8450,224,267,42,48096,0,4096,3072,1024,4096,1048576,20480,5120,4096,2097152,0,16,0,4,0,1,0,2,23,4,0,0,1,0,0,0,0,0,0,0,0,0,0,0,0,0,0,0,0,0,0,0,0,0,0,0,0,0,0,0,0,0,0,0,0,0,0,0,0,0,0,0,0,0,0,0,0
332,7,0,1405441470,8450,224,267,31509,108019,0,4096,28672,4096,4096,1048576,94208,28672,4096,2097152,0,16,0,4,0,1,0,2,23,4,0,0,1,0,2,32,0,0,0,0,0,0,0,0,0,0,0,0,0,0,0,0,0,0,0,0,0,0,0,0,0,0,0,0,0,0,0,0,0,0,0,0,0,0,0,0,0
332,3,0,1208112288,287,224,267,191132,274999,32768,4096,204800,1024,4096,1048576,229376,19456,4096,262144,0,16,0,5,1,5,1,7,10,4,0,0,2,0,11,240,0,0,0,0,0,0,0,0,0,0,0,0,0,0,0,0,0,0,0,0,0,0,0,0,0,0,0,0,0,0,0,0,0,0,0,0,0,0,0,0,0
332,4,0,1208111768,271,224,267,1441717,3590404,32768,4096,2933248,1536,4096,1048576,3588096,637440,65536,524288,0,16,0,5,1,5,1,7,10,4,0,0,2,0,23,703,0,0,0,0,0,0,0,0,0,0,0,0,0,0,0,0,0,0,0,0,0,0,0,0,0,0,0,0,0,0,0,0,0,0,0,0,0,0,0,0,0
332,12,0,1405441393,8450,224,267,15601,81080,0,4096,16384,1536,4096,1048576,98304,12288,4096,2097152,6144,16,0,4,0,1,0,2,23,4,0,0,3,0,3,65,0,0,0,0,0,0,0,0,0,0,0,0,0,0,0,0,0,0,0,0,0,0,0,0,0,0,0,0,0,0,0,0,0,0,0,0,0,0,0,0,0
332,3,0,1208112386,271,224,267,31517,255040,32768,4096,52224,1024,4096,1048576,204800,145408,4096,262144,0,16,0,5,1,5,1,7,10,4,0,0,2,0,12,163,0,0,0,0,0,0,0,0,0,0,0,0,0,0,0,0,0,0,0,0,0,0,0,0,0,0,0,0,0,0,0,0,0,0,0,0,0,0,0,0,0
332,3,0,1208111603,271,224,267,6844,41210,32768,4096,5120,1024,4096,1048576,45056,26112,4096,262144,0,16,0,5,1,5,1,7,10,4,0,0,2,0,6,52,0,0,0,0,0,0,0,0,0,0,0,0,0,0,0,0,0,0,0,0,0,0,0,0,0,0,0,0,0,0,0,0,0,0,0,0,0,0,0,0,0
332,12,0,1405441771,8450,224,267,66577,227984,0,4096,67072,1536,4096,1048576,249856,35328,4096,2097152,5632,16,0,4,0,1,0,2,23,4,0,0,3,0,7,101,0,0,0,0,0,0,0,0,0,0,0,0,0,0,0,0,0,0,0,0,0,0,0,0,0,0,0,0,0,0,0,0,0,0,0,0,0,0,0,0,0
332,5,0,1362482419,290,224,267,63196,1461468,33088,4096,388608,1024,4096,1048576,1470464,1066496,4096,1048576,0,16,0,4,0,0,0,10,0,4,0,0,3,0,9,228,0,0,0,0,0,0,0,0,0,0,0,0,0,0,0,0,0,0,0,0,0,0,0,0,0,0,0,0,0,0,0,0,0,0,0,0,0,0,0,0,0
332,3,0,1208112211,271,224,267,10015,44083,32768,4096,7680,1024,4096,1048576,20480,5120,4096,262144,0,16,0,5,1,5,1,7,10,4,0,0,2,0,2,42,0,0,0,0,0,0,0,0,0,0,0,0,0,0,0,0,0,0,0,0,0,0,0,0,0,0,0,0,0,0,0,0,0,0,0,0,0,0,0,0,0
332,12,0,1405441426,8450,224,267,14641,125172,0,4096,15360,1536,4096,1048576,106496,11776,4096,2097152,5632,16,0,4,0,1,0,2,23,4,0,0,3,0,4,128,0,0,0,0,0,0,0,0,0,0,0,0,0,0,0,0,0,0,0,0,0,0,0,0,0,0,0,0,0,0,0,0,0,0,0,0,0,0,0,0,0
332,3,0,1208111755,271,224,267,216041,396307,32768,4096,245248,1024,4096,1048576,356352,100352,4096,262144,0,16,0,5,1,5,1,7,10,4,0,0,2,0,11,925,0,0,0,0,0,0,0,0,0,0,0,0,0,0,0,0,0,0,0,0,0,0,0,0,0,0,0,0,0,0,0,0,0,0,0,0,0,0,0,0,0
332,3,0,1180989267,271,224,267,5434,22403,32768,4096,3072,1024,4096,1048576,16384,2048,4096,262144,0,16,0,5,1,5,1,7,10,4,0,0,2,0,4,34,0,0,0,0,0,0,0,0,0,0,0,0,0,0,0,0,0,0,0,0,0,0,0,0,0,0,0,0,0,0,0,0,0,0,0,0,0,0,0,0,0
332,3,0,1208113080,271,224,267,12414,88832,32768,4096,26112,1024,4096,1048576,65536,30208,4096,262144,0,16,0,5,1,5,1,7,10,4,0,0,2,0,7,84,0,0,0,0,0,0,0,0,0,0,0,0,0,0,0,0,0,0,0,0,0,0,0,0,0,0,0,0,0,0,0,0,0,0,0,0,0,0,0,0,0
332,4,0,1405441204,8450,224,267,42,25720,0,4096,3072,1024,4096,1048576,20480,5120,4096,2097152,0,16,0,4,0,1,0,2,23,4,0,0,1,0,0,0,0,0,0,0,0,0,0,0,0,0,0,0,0,0,0,0,0,0,0,0,0,0,0,0,0,0,0,0,0,0,0,0,0,0,0,0,0,0,0,0,0
332,3,0,1208111499,271,224,267,25782,110482,32768,4096,53248,4096,4096,1048576,98304,40960,4096,262144,0,16,0,5,1,5,1,7,10,4,0,0,2,0,7,121,0,0,0,0,0,0,0,0,0,0,0,0,0,0,0,0,0,0,0,0,0,0,0,0,0,0,0,0,0,0,0,0,0,0,0,0,0,0,0,0,0
332,3,0,1187704512,271,224,267,216282,1444898,32768,4096,1130496,1024,4096,1048576,1421312,284672,81200,262144,0,16,0,5,2,5,2,7,10,5,0,0,2,0,18,1113,0,0,0,0,0,0,0,0,0,0,0,0,0,0,0,0,0,0,0,0,0,0,0,0,0,0,0,0,0,0,0,0,0,0,0,0,0,0,0,0,0
332,12,0,1405441768,8450,224,267,33729,181292,0,4096,34304,1536,4096,1048576,180224,26624,4096,2097152,5632,16,0,4,0,1,0,2,23,4,0,0,3,0,7,96,0,0,0,0,0,0,0,0,0,0,0,0,0,0,0,0,0,0,0,0,0,0,0,0,0,0,0,0,0,0,0,0,0,0,0,0,0,0,0,0,0
332,3,0,1208113190,271,224,267,50136,105247,32768,4096,57856,1024,4096,1048576,90112,20480,4096,262144,0,16,0,5,1,5,1,7,10,4,0,0,3,0,12,228,0,0,0,0,0,0,0,0,0,0,0,0,0,0,0,0,0,0,0,0,0,0,0,0,0,0,0,0,0,0,0,0,0,0,0,0,0,0,0,0,0
332,3,0,1208111518,271,224,267,15206,55666,32768,4096,39936,1024,4096,1048576,65536,15360,16384,262144,0,16,0,5,1,5,1,7,10,4,0,0,2,0,5,122,0,0,0,0,0,0,0,0,0,0,0,0,0,0,0,0,0,0,0,0,0,0,0,0,0,0,0,0,0,0,0,0,0,0,0,0,0,0,0,0,0
332,3,0,1208111760,271,224,267,149657,246695,32768,4096,161280,1024,4096,1048576,217088,43520,4096,262144,0,16,0,5,1,5,1,7,10,5,0,0,2,0,9,524,0,0,0,0,0,0,0,0,0,0,0,0,0,0,0,0,0,0,0,0,0,0,0,0,0,0,0,0,0,0,0,0,0,0,0,0,0,0,0,0,0
332,3,0,1208111888,271,224,267,100468,809880,32768,4096,290816,4096,4096,1048576,782336,487424,4096,262144,0,16,0,5,1,5,1,7,10,4,0,0,2,0,17,399,0,0,0,0,0,0,0,0,0,0,0,0,0,0,0,0,0,0,0,0,0,0,0,0,0,0,0,0,0,0,0,0,0,0,0,0,0,0,0,0,0
332,3,0,998081618,271,224,267,20377,51332,32768,4096,28160,1024,4096,1048576,45056,8704,4096,262144,0,16,0,5,1,5,1,7,0,5,0,0,3,0,8,92,0,0,0,0,0,0,0,0,0,0,0,0,0,0,0,0,0,0,0,0,0,0,0,0,0,0,0,0,0,0,0,0,0,0,0,0,0,0,0,0,0
332,4,0,976557303,271,224,267,5879,120830,0,4096,45056,4096,4096,1048576,73728,24576,4096,1048576,0,16,0,4,0,0,0,6,0,4,0,0,2,0,3,88,0,0,0,0,0,0,0,0,0,0,0,0,0,0,0,0,0,0,0,0,0,0,0,0,0,0,0,0,0,0,0,0,0,0,0,0,0,0,0,0,0
332,3,0,1208113191,271,224,267,39403,119180,32768,4096,38912,1024,4096,1048576,159744,109568,4096,262144,0,16,0,5,1,5,1,7,10,4,0,0,3,0,9,128,0,0,0,0,0,0,0,0,0,0,0,0,0,0,0,0,0,0,0,0,0,0,0,0,0,0,0,0,0,0,0,0,0,0,0,0,0,0,0,0,0
332,3,0,998081639,271,224,267,7692,21244,32768,4096,6656,1024,4096,1048576,20480,1536,4096,262144,0,16,0,5,1,5,1,7,0,4,0,0,3,0,4,71,0,0,0,0,0,0,0,0,0,0,0,0,0,0,0,0,0,0,0,0,0,0,0,0,0,0,0,0,0,0,0,0,0,0,0,0,0,0,0,0,0
332,3,0,998081842,271,224,267,11121,34885,32768,4096,25088,1024,4096,1048576,53248,16384,4096,262144,0,16,0,5,1,5,1,7,0,4,0,0,3,0,4,66,0,0,0,0,0,0,0,0,0,0,0,0,0,0,0,0,0,0,0,0,0,0,0,0,0,0,0,0,0,0,0,0,0,0,0,0,0,0,0,0,0
332,3,0,1208111758,271,224,267,105335,218081,32768,4096,137216,1024,4096,1048576,225280,78848,4096,262144,0,16,0,5,1,5,1,7,10,4,0,0,2,0,10,952,0,0,0,0,0,0,0,0,0,0,0,0,0,0,0,0,0,0,0,0,0,0,0,0,0,0,0,0,0,0,0,0,0,0,0,0,0,0,0,0,0
332,11,0,1405441379,8450,224,267,12097,59124,0,4096,12800,1536,4096,1048576,94208,11776,4096,2097152,5632,16,0,4,0,1,0,2,23,4,0,0,3,0,3,59,0,0,0,0,0,0,0,0,0,0,0,0,0,0,0,0,0,0,0,0,0,0,0,0,0,0,0,0,0,0,0,0,0,0,0,0,0,0,0,0,0
332,3,0,1208111501,271,224,267,7936,81530,32768,4096,8192,4096,4096,1048576,20480,8192,4096,262144,0,16,0,5,1,5,1,7,10,4,0,0,2,0,6,58,0,0,0,0,0,0,0,0,0,0,0,0,0,0,0,0,0,0,0,0,0,0,0,0,0,0,0,0,0,0,0,0,0,0,0,0,0,0,0,0,0
332,3,0,1208112042,271,224,267,31984,118113,32768,4096,66560,1024,4096,1048576,94208,15872,4096,262144,0,16,0,5,1,5,1,7,10,4,0,0,2,0,5,132,0,0,0,0,0,0,0,0,0,0,0,0,0,0,0,0,0,0,0,0,0,0,0,0,0,0,0,0,0,0,0,0,0,0,0,0,0,0,0,0,0
332,3,0,1208111628,271,224,267,63006,156821,32768,4096,107008,1024,4096,1048576,176128,55808,4096,262144,0,16,0,5,1,5,1,7,10,4,0,0,3,0,8,267,0,0,0,0,0,0,0,0,0,0,0,0,0,0,0,0,0,0,0,0,0,0,0,0,0,0,0,0,0,0,0,0,0,0,0,0,0,0,0,0,0
332,8,0,1405441474,8450,224,267,9590,161232,0,4096,32768,4096,4096,1048576,110592,20480,4096,2097152,4096,16,0,4,0,1,0,2,23,4,0,0,1,0,2,97,0,0,0,0,0,0,0,0,0,0,0,0,0,0,0,0,0,0,0,0,0,0,0,0,0,0,0,0,0,0,0,0,0,0,0,0,0,0,0,0,0
332,5,0,1260053604,271,224,267,13704,190077,32768,4096,25600,1024,4096,1048576,348160,169984,4096,1048576,1024,16,0,4,0,6,0,6,0,4,0,0,2,0,8,158,0,0,0,0,0,0,0,0,0,0,0,0,0,0,0,0,0,0,0,0,0,0,0,0,0,0,0,0,0,0,0,0,0,0,0,0,0,0,0,0,0
332,5,0,1362482427,290,224,267,16428,183973,33088,4096,101376,1024,4096,1048576,151552,40448,4096,1048576,0,16,0,4,0,0,0,10,0,4,0,0,3,0,3,89,0,0,0,0,0,0,0,0,0,0,0,0,0,0,0,0,0,0,0,0,0,0,0,0,0,0,0,0,0,0,0,0,0,0,0,0,0,0,0,0,0
332,11,0,1405441390,8450,224,267,6129,81660,0,4096,6656,1536,4096,1048576,65536,6144,4096,2097152,1024,16,0,4,0,1,0,2,23,4,0,0,3,0,3,45,0,0,0,0,0,0,0,0,0,0,0,0,0,0,0,0,0,0,0,0,0,0,0,0,0,0,0,0,0,0,0,0,0,0,0,0,0,0,0,0,0
332,3,0,1208111804,271,224,267,7168,37043,32768,4096,5120,1024,4096,1048576,20480,2048,4096,262144,0,16,0,5,1,5,1,7,10,4,0,0,3,0,4,56,0,0,0,0,0,0,0,0,0,0,0,0,0,0,0,0,0,0,0,0,0,0,0,0,0,0,0,0,0,0,0,0,0,0,0,0,0,0,0,0,0
332,3,0,998081606,271,224,267,7773,51157,32768,4096,7168,1024,4096,1048576,20480,1536,4096,262144,0,16,0,5,1,5,1,7,0,4,0,0,3,0,5,69,0,0,0,0,0,0,0,0,0,0,0,0,0,0,0,0,0,0,0,0,0,0,0,0,0,0,0,0,0,0,0,0,0,0,0,0,0,0,0,0,0
332,4,0,1405441204,8450,224,267,42,26026,0,4096,3072,1024,4096,1048576,20480,5120,4096,2097152,0,16,0,4,0,1,0,2,23,4,0,0,1,0,0,0,0,0,0,0,0,0,0,0,0,0,0,0,0,0,0,0,0,0,0,0,0,0,0,0,0,0,0,0,0,0,0,0,0,0,0,0,0,0,0,0,0
332,4,0,1208111681,286,224,267,42226,85702,0,4096,44032,1024,4096,1048576,61440,7168,12288,262144,0,16,0,5,1,5,1,7,10,5,1,0,1,0,1,125,0,0,0,0,0,0,0,0,0,0,0,0,0,0,0,0,0,0,0,0,0,0,0,0,0,0,0,0,0,0,0,0,0,0,0,0,0,0,0,0,0
332,10,0,1405441604,259,224,267,9558,70872,0,4096,10752,1024,4096,1048576,94208,28160,4096,2097152,1536,16,0,4,0,1,0,2,23,4,0,0,3,0,4,81,0,0,0,0,0,0,0,0,0,0,0,0,0,0,0,0,0,0,0,0,0,0,0,0,0,0,0,0,0,0,0,0,0,0,0,0,0,0,0,0,0
332,2,0,998081627,271,224,267,4274,15505,32768,4096,512,1024,4096,1048576,12288,2048,4096,262144,0,16,0,5,1,5,1,7,0,4,0,0,2,0,2,5,0,0,0,0,0,0,0,0,0,0,0,0,0,0,0,0,0,0,0,0,0,0,0,0,0,0,0,0,0,0,0,0,0,0,0,0,0,0,0,0,0
332,3,0,1208112243,1295,224,267,42268,151523,32768,4096,43008,1024,4096,1048576,126976,74752,4096,262144,0,16,0,5,1,5,1,7,10,4,0,0,2,0,9,176,0,0,0,0,0,0,0,0,0,0,0,0,0,0,0,0,0,0,0,0,0,0,0,0,0,0,0,0,0,0,0,0,0,0,0,0,0,0,0,0,0
332,12,0,1405441897,8450,224,267,291713,854318,0,4096,292352,1536,4096,1048576,872448,133120,4096,2097152,5632,16,0,4,0,1,0,2,23,4,0,0,3,0,12,264,0,0,0,0,0,0,0,0,0,0,0,0,0,0,0,0,0,0,0,0,0,0,0,0,0,0,0,0,0,0,0,0,0,0,0,0,0,0,0,0,0
332,3,0,990825149,271,224,267,12210,43324,0,4096,9728,1024,4096,1048576,53248,31744,4096,1048576,0,16,0,4,0,4,0,6,0,4,0,0,2,0,6,31,0,0,0,0,0,0,0,0,0,0,0,0,0,0,0,0,0,0,0,0,0,0,0,0,0,0,0,0,0,0,0,0,0,0,0,0,0,0,0,0,0
332,3,0,998081664,271,224,267,24495,80960,32768,4096,24064,1024,4096,1048576,65536,32256,16384,262144,0,16,0,5,1,5,1,7,0,4,0,0,2,0,8,122,0,0,0,0,0,0,0,0,0,0,0,0,0,0,0,0,0,0,0,0,0,0,0,0,0,0,0,0,0,0,0,0,0,0,0,0,0,0,0,0,0
332,3,0,998081472,271,224,267,14968,107849,32768,4096,43008,1024,4096,1048576,73728,20992,4096,262144,0,16,0,5,1,5,1,7,0,4,0,0,3,0,7,76,0,0,0,0,0,0,0,0,0,0,0,0,0,0,0,0,0,0,0,0,0,0,0,0,0,0,0,0,0,0,0,0,0,0,0,0,0,0,0,0,0
332,3,0,1195982506,291,224,267,801610,0,32768,4096,225280,4096,4096,1048576,999424,196608,4096,4194304,573440,16,0,4,0,0,0,8,0,4,0,0,2,1,13,18,0,0,0,0,0,0,0,0,0,0,0,0,0,0,0,0,0,0,0,0,0,0,0,0,0,0,0,0,0,0,0,0,0,0,0,0,0,0,0,0,0
332,3,0,998081834,271,224,267,8416,69788,32768,4096,13312,1024,4096,1048576,36864,12288,4096,262144,0,16,0,5,1,5,1,7,0,4,0,0,2,0,7,97,0,0,0,0,0,0,0,0,0,0,0,0,0,0,0,0,0,0,0,0,0,0,0,0,0,0,0,0,0,0,0,0,0,0,0,0,0,0,0,0,0
332,4,0,1405441199,8450,224,267,42,34184,0,4096,3072,1024,4096,1048576,20480,5120,4096,2097152,0,16,0,4,0,1,0,2,23,4,0,0,1,0,0,0,0,0,0,0,0,0,0,0,0,0,0,0,0,0,0,0,0,0,0,0,0,0,0,0,0,0,0,0,0,0,0,0,0,0,0,0,0,0,0,0,0
332,12,0,1405441871,8450,224,267,11649,127151,0,4096,11776,1536,4096,1048576,143360,68096,4096,2097152,1024,16,0,4,0,1,0,2,23,4,0,0,3,0,9,96,0,0,0,0,0,0,0,0,0,0,0,0,0,0,0,0,0,0,0,0,0,0,0,0,0,0,0,0,0,0,0,0,0,0,0,0,0,0,0,0,0
332,3,0,998081290,271,224,267,28045,77877,32768,4096,33792,1024,4096,1048576,61440,14848,4096,262144,0,16,0,5,1,5,1,7,0,4,0,0,3,0,12,123,0,0,0,0,0,0,0,0,0,0,0,0,0,0,0,0,0,0,0,0,0,0,0,0,0,0,0,0,0,0,0,0,0,0,0,0,0,0,0,0,0
332,4,0,1405441200,8450,224,267,42,16610,0,4096,3072,1024,4096,1048576,20480,5120,4096,2097152,0,16,0,4,0,1,0,2,23,4,0,0,1,0,0,0,0,0,0,0,0,0,0,0,0,0,0,0,0,0,0,0,0,0,0,0,0,0,0,0,0,0,0,0,0,0,0,0,0,0,0,0,0,0,0,0,0
332,8,0,1405441435,8450,224,267,42238,573676,0,4096,172032,4096,4096,1048576,544768,65536,4096,2097152,4096,16,0,4,0,1,0,2,23,4,0,0,1,0,2,69,0,0,0,0,0,0,0,0,0,0,0,0,0,0,0,0,0,0,0,0,0,0,0,0,0,0,0,0,0,0,0,0,0,0,0,0,0,0,0,0,0
332,3,0,1208111638,271,224,267,7879,42002,32768,4096,25088,1024,4096,1048576,45056,8192,4096,262144,0,16,0,5,1,5,1,7,10,5,0,0,2,0,2,59,0,0,0,0,0,0,0,0,0,0,0,0,0,0,0,0,0,0,0,0,0,0,0,0,0,0,0,0,0,0,0,0,0,0,0,0,0,0,0,0,0
332,3,0,1208113167,271,224,267,22839,134019,32768,4096,23552,1024,4096,1048576,86016,53248,32768,262144,0,16,0,5,1,5,1,7,10,4,0,0,2,0,10,150,0,0,0,0,0,0,0,0,0,0,0,0,0,0,0,0,0,0,0,0,0,0,0,0,0,0,0,0,0,0,0,0,0,0,0,0,0,0,0,0,0
332,3,0,998081342,271,224,267,12720,78754,32768,4096,10752,1024,4096,1048576,28672,10240,4096,262144,0,16,0,5,1,5,1,7,0,4,0,0,3,0,5,63,0,0,0,0,0,0,0,0,0,0,0,0,0,0,0,0,0,0,0,0,0,0,0,0,0,0,0,0,0,0,0,0,0,0,0,0,0,0,0,0,0
332,12,0,1405441883,8450,224,267,473249,13513464,0,4096,538112,1536,4096,1048576,13488128,12695552,4096,2097152,7168,16,0,4,0,1,0,2,23,4,0,0,3,0,15,515,0,0,0,0,0,0,0,0,0,0,0,0,0,0,0,0,0,0,0,0,0,0,0,0,0,0,0,0,0,0,0,0,0,0,0,0,0,0,0,0,0
332,3,0,998081653,271,224,267,6463,74828,32768,4096,4096,1024,4096,1048576,16384,4608,4096,262144,0,16,0,5,1,5,1,7,0,4,0,0,3,0,6,41,0,0,0,0,0,0,0,0,0,0,0,0,0,0,0,0,0,0,0,0,0,0,0,0,0,0,0,0,0,0,0,0,0,0,0,0,0,0,0,0,0
332,3,0,1208111455,271,224,267,15897,156569,32768,4096,75264,1024,4096,1048576,106496,19456,4096,262144,0,16,0,5,1,5,1,7,10,4,0,0,3,0,3,92,0,0,0,0,0,0,0,0,0,0,0,0,0,0,0,0,0,0,0,0,0,0,0,0,0,0,0,0,0,0,0,0,0,0,0,0,0,0,0,0,0
332,3,0,1208112121,271,224,267,10531,69799,32768,4096,9216,1024,4096,1048576,24576,3072,4096,262144,0,16,0,5,1,5,1,7,10,4,0,0,2,0,6,76,0,0,0,0,0,0,0,0,0,0,0,0,0,0,0,0,0,0,0,0,0,0,0,0,0,0,0,0,0,0,0,0,0,0,0,0,0,0,0,0,0
332,4,0,1208111920,271,224,267,73669,137814,32768,4096,72704,1024,4096,1048576,135168,48128,4096,262144,0,16,0,5,1,5,1,7,10,4,0,0,3,0,9,101,0,0,0,0,0,0,0,0,0,0,0,0,0,0,0,0,0,0,0,0,0,0,0,0,0,0,0,0,0,0,0,0,0,0,0,0,0,0,0,0,0
332,3,0,1208114074,287,224,267,49541,168242,32768,4096,102400,1024,4096,1048576,114688,5120,16384,262144,0,16,0,5,1,5,1,7,10,4,0,0,2,0,10,274,0,0,0,0,0,0,0,0,0,0,0,0,0,0,0,0,0,0,0,0,0,0,0,0,0,0,0,0,0,0,0,0,0,0,0,0,0,0,0,0,0
332,12,0,1405441383,8450,224,267,77937,284722,0,4096,78336,1536,4096,1048576,282624,48640,4096,2097152,5632,16,0,4,0,1,0,2,23,4,0,0,3,0,6,150,0,0,0,0,0,0,0,0,0,0,0,0,0,0,0,0,0,0,0,0,0,0,0,0,0,0,0,0,0,0,0,0,0,0,0,0,0,0,0,0,0
332,4,0,1024483277,271,224,267,124730,0,0,4096,191488,1024,4096,1048576,393216,115712,4096,1048576,0,16,0,4,0,0,0,6,0,4,0,0,2,0,10,393,0,0,0,0,0,0,0,0,0,0,0,0,0,0,0,0,0,0,0,0,0,0,0,0,0,0,0,0,0,0,0,0,0,0,0,0,0,0,0,0,1
332,8,0,708992537,33167,224,267,630622,0,0,4096,627200,1024,4096,1048576,778240,66048,16384,1048576,0,16,0,4,0,0,0,2,25,4,0,0,2,0,22,527,4,0,4,6,0,3,0,0,0,0,0,0,0,0,0,4,0,0,4,0,0,0,0,0,0,0,0,0,0,3,0,0,0,0,3,0,0,0,0,0,1
332,3,0,1306597438,271,224,267,1988458,0,0,4096,638976,4096,4096,1048576,1998848,8192,4096,1048576,1347584,16,0,4,0,0,0,6,0,4,0,0,2,1,17,22,0,0,0,0,0,0,0,0,0,0,0,0,0,0,0,0,0,0,0,0,0,0,0,0,0,0,0,0,0,0,0,0,0,0,0,0,0,0,0,0,1
332,4,0,1307554819,271,224,267,16942,155923,0,4096,13824,1024,4096,1048576,425984,400384,4096,1048576,0,16,0,4,0,0,0,6,0,4,0,0,2,0,5,92,0,0,0,0,0,0,0,0,0,0,0,0,0,0,0,0,0,0,0,0,0,0,0,0,0,0,0,0,0,0,0,0,0,0,0,0,0,0,0,0,1
332,6,0,1296022176,271,224,267,11781,644550,0,4096,16384,4096,4096,1048576,3780608,8192,4096,1048576,0,16,0,4,0,3,9,5,12,4,0,0,2,0,8,13,0,0,0,0,0,0,1,0,0,0,0,0,0,0,0,0,0,0,0,0,0,0,0,0,0,0,0,0,0,0,0,0,0,0,0,0,0,0,0,0,1
332,4,0,1058695694,783,224,267,5782,0,0,4096,524288,4096,4096,1048576,2154496,45056,8192,1048576,1376256,16,0,4,0,0,0,5,0,4,0,0,2,1,12,485,36,70,18,8,0,7,0,0,0,0,76,0,0,0,0,41,127,0,76,130,130,0,0,0,0,159,0,0,0,135,0,0,237,0,314,0,551,0,0,0,1
332,4,0,1131513157,259,224,267,25970,0,0,4096,104448,1024,4096,1048576,282624,68608,4096,1048576,0,16,0,4,0,0,0,9,0,5,1,0,2,0,4,36,0,0,0,0,0,0,0,0,0,0,0,0,0,0,0,0,0,0,0,0,0,0,0,0,0,0,0,0,0,0,0,0,0,0,0,0,0,0,0,0,1
332,4,0,1111055510,271,224,267,29867,0,0,4096,53248,4096,4096,1048576,102400,45056,4096,1048576,0,16,0,4,0,0,0,6,0,4,0,0,2,0,3,83,0,0,0,0,0,0,0,0,0,0,0,0,0,0,0,0,0,0,0,0,0,0,0,0,0,0,0,0,0,0,0,0,0,0,0,0,0,0,0,0,1
332,5,0,1298288071,8462,224,267,368887,0,0,4096,491520,4096,4096,1048576,794624,233472,4096,1048576,0,16,0,4,0,0,0,6,0,4,0,0,2,0,12,410,0,0,0,0,6,0,0,0,0,0,0,0,0,0,0,0,0,4,0,0,0,0,0,0,0,0,0,5,0,0,0,0,0,0,0,0,0,0,0,0,1
332,9,0,1285001922,33166,224,267,645430,0,0,4096,650240,1024,4096,1048576,790528,81920,16384,1048576,0,16,0,4,0,0,0,2,25,4,0,0,2,0,42,586,1,0,1,7,0,1,0,0,0,0,0,0,0,0,0,1,0,0,2,0,0,0,0,0,0,0,0,0,0,4,0,0,0,0,2,0,0,0,0,0,1
332,6,0,1198851095,271,224,267,41003,66121,0,4099,28672,1024,4096,1048576,77824,2560,4096,1048576,0,16,0,4,0,0,0,6,0,4,0,0,2,0,0,0,0,0,0,0,0,0,0,0,0,0,0,0,0,0,0,0,0,0,0,0,0,0,0,0,0,0,0,0,0,0,0,0,0,0,0,0,0,0,0,0,1
332,4,0,1198851095,4895,224,267,45106,212961,44032,4096,146432,512,4096,1048576,159744,4096,4096,1048576,0,16,0,4,0,0,0,6,0,4,0,0,2,0,0,0,0,0,0,0,0,0,0,0,0,0,0,0,0,0,0,0,0,0,0,0,0,0,0,0,0,0,0,0,0,0,0,0,0,0,0,0,0,0,0,0,1
332,4,0,1304657258,271,224,267,361136,0,0,4096,487424,4096,4096,1048576,1662976,1056768,4096,1048576,0,16,0,4,0,0,0,6,0,4,0,0,2,0,12,412,0,0,0,0,0,0,0,0,0,0,0,0,0,0,0,0,0,4,0,0,0,0,0,0,0,0,0,5,0,0,0,0,0,0,0,0,0,0,0,0,1
332,4,0,1305033394,271,224,267,4138,0,0,4096,3072,4096,4096,1048576,843776,18944,4096,1048576,0,16,0,4,0,0,0,8,0,4,0,0,2,0,4,50,0,0,0,0,0,0,0,0,0,0,0,0,0,0,0,0,0,0,0,0,0,0,0,0,0,0,0,0,0,0,0,0,0,0,0,0,0,0,0,0,1
332,3,0,1307431836,271,224,267,6034,57703,0,4096,36864,4096,4096,1048576,49152,8192,4096,1048576,0,16,0,4,0,1,1,6,0,4,0,0,2,0,3,129,0,0,0,0,0,0,3,0,0,0,0,0,0,0,0,0,0,0,0,0,0,0,0,0,0,0,0,0,0,0,0,0,0,0,0,0,0,0,0,0,1
332,4,0,1131362545,262,224,267,25074,0,0,4096,97792,1024,4096,1048576,282624,68608,4096,1048576,0,16,0,4,0,0,0,9,0,5,1,0,2,0,7,47,0,0,0,0,0,0,0,0,0,0,0,0,0,0,0,0,0,0,0,0,0,0,0,0,0,0,0,0,0,0,0,0,0,0,0,0,0,0,0,0,1
332,7,0,708992537,41358,224,267,117424,0,1,4096,70656,1024,4096,1048576,491520,17408,0,0,0,16,0,4,0,0,0,2,25,4,0,0,2,0,12,13,0,0,0,0,0,0,0,0,0,0,0,0,0,0,0,0,0,0,0,0,0,0,0,0,0,0,0,0,0,0,0,0,0,0,0,0,0,0,0,0,1
332,9,0,708992537,33166,224,267,622650,0,0,4096,35840,1024,4096,1048576,730442,560640,16384,1048576,0,16,0,4,0,0,0,2,25,4,0,0,2,0,1,1,0,0,0,0,0,0,0,0,0,0,0,0,0,0,0,0,0,0,0,0,0,0,0,0,0,0,0,0,0,0,0,0,0,0,0,0,0,0,0,0,1
332,4,0,1304579425,271,224,267,1208382,1945731,32832,4096,36352,1024,4096,1048576,2707456,1160704,4096,1048576,0,16,0,5,0,0,0,9,0,5,0,0,2,0,2,3,0,0,0,0,0,0,0,0,0,0,0,0,0,0,0,0,0,0,0,0,0,0,0,0,0,0,0,0,0,0,0,0,0,0,0,0,0,0,0,0,1
332,3,0,708992537,33167,224,267,12666,0,0,4096,65536,4096,4096,1048576,118784,8192,16384,1048576,40960,16,0,4,0,0,0,2,25,4,0,0,2,1,5,35,0,0,0,0,0,0,0,0,0,0,0,0,0,0,0,0,0,0,0,0,0,0,0,0,0,0,0,0,0,2,0,0,0,0,0,0,0,0,0,0,1
332,5,0,1048576098,271,224,267,1065002,512939,33792,4096,36864,1024,4096,1048576,1069056,472064,8192,262144,0,16,0,5,2,5,2,7,10,4,0,0,2,0,1,5,0,0,0,0,0,0,0,0,0,0,0,0,0,0,0,0,0,0,0,0,0,0,0,0,0,0,0,0,0,0,0,0,0,0,0,0,0,0,0,0,1
332,5,0,1302570372,271,224,267,147498,153316,0,4096,110592,4096,4096,1048576,155648,12288,4096,1048576,0,16,0,4,0,1,0,144,0,4,0,0,2,0,1,21,0,0,0,0,0,0,1,0,0,0,0,0,0,0,0,0,0,0,0,0,0,0,0,0,0,0,0,0,0,0,0,0,0,0,0,0,0,0,0,0,1
332,6,0,1308758159,783,224,267,4778,0,0,4096,13824,1024,4096,1048576,73728,7168,4096,1048576,35328,16,0,4,0,1,0,2,56,4,0,0,2,0,4,50,0,0,0,0,0,0,0,0,0,0,0,0,0,0,0,0,0,0,0,0,0,0,0,0,0,0,0,0,0,0,0,0,0,0,0,0,0,0,0,0,1
332,3,0,1198851095,783,224,267,45106,123141,0,4096,144384,1024,4096,1048576,155648,74752,4096,1048576,0,16,0,4,0,0,0,6,0,4,0,0,2,0,4,4,0,0,0,0,0,0,0,0,0,0,0,0,0,0,0,0,0,0,0,0,0,0,0,0,0,0,0,0,0,0,0,0,0,0,0,0,0,0,0,0,1
332,3,0,1307288989,41358,224,267,631834,0,0,4096,245760,4096,4096,1048576,638976,4096,0,0,385024,16,0,4,0,0,0,2,25,4,0,0,2,1,9,13,0,0,0,0,0,0,0,0,0,0,0,0,0,0,0,0,0,0,0,0,0,0,0,0,0,0,0,0,0,0,0,0,0,0,0,0,0,0,0,0,1
332,4,0,1190291686,271,224,267,4138,0,0,4096,81920,1024,4096,1048576,135168,22016,8192,1048576,0,16,0,4,0,0,0,5,0,4,0,0,2,0,8,147,0,0,0,0,0,0,0,0,0,0,0,0,0,0,0,0,0,0,0,0,0,0,0,0,0,0,0,0,0,0,0,0,0,0,0,0,0,0,0,0,1
332,5,0,1268634470,259,224,267,42971,145124,34048,4096,67584,1024,4096,1048576,151552,24064,4096,1048576,0,16,0,5,0,0,0,9,0,4,0,0,2,0,9,163,0,0,0,0,0,0,0,0,0,0,0,0,0,0,0,0,0,0,0,0,0,0,0,0,0,0,0,0,0,0,0,0,0,0,0,0,0,0,0,0,1
332,2,0,1185282166,271,224,267,30227,83064,0,4096,26624,1024,4096,1048576,45056,12288,4096,1048576,0,16,0,4,0,0,0,6,0,4,0,0,2,0,2,8,0,0,0,0,0,0,0,0,0,0,0,0,0,0,0,0,0,0,0,0,0,0,0,0,0,0,0,0,0,0,0,0,0,0,0,0,0,0,0,0,1
332,7,0,1198851095,271,224,267,77739,138452,0,4096,1536,1024,4096,1048576,86016,74752,4096,1048576,0,16,0,4,0,0,0,6,0,4,0,0,2,0,0,0,0,0,0,0,0,0,0,0,0,0,0,0,0,0,0,0,0,0,0,0,0,0,0,0,0,0,0,0,0,0,0,0,0,0,0,0,0,0,0,0,1
332,5,0,1302570372,271,224,267,147498,153316,0,4096,110592,4096,4096,1048576,155648,35840,4096,1048576,0,16,0,4,0,1,0,144,0,4,0,0,2,0,1,21,0,0,0,0,0,0,1,0,0,0,0,0,0,0,0,0,0,0,0,0,0,0,0,0,0,0,0,0,0,0,0,0,0,0,0,0,0,0,0,0,1
332,3,0,1307526998,271,224,267,6499,46085,0,4096,20480,4096,4096,1048576,32768,8192,4096,1048576,0,16,0,4,0,1,0,6,0,4,0,0,2,0,1,89,0,0,0,0,0,0,2,0,0,0,0,0,0,0,0,0,0,0,0,0,0,0,0,0,0,0,0,0,0,0,0,0,0,0,0,0,0,0,0,0,1
332,5,0,1307541401,271,224,267,1753130,1501029,0,4096,729088,1024,4096,1048576,1761280,4096,4096,1048576,294912,16,0,4,0,2,6,6,0,4,0,0,2,1,1,21,0,0,0,0,0,0,0,0,0,0,0,0,0,0,0,0,0,0,0,0,0,0,0,0,0,0,0,0,0,0,0,0,0,0,0,0,0,0,0,0,1
332,4,0,1126204617,262,224,267,25346,0,0,4096,105472,1024,4096,1048576,438272,73216,4096,1048576,0,16,0,4,0,0,0,9,0,5,1,0,2,0,7,82,0,0,0,0,0,0,0,0,0,0,0,0,0,0,0,0,0,0,0,0,0,0,0,0,0,0,0,0,0,0,0,0,0,0,0,0,0,0,0,0,1
332,8,0,1292092773,33167,224,267,1392683,1409598,0,4096,649728,1536,4096,1048576,1400832,80896,16384,1048576,0,16,0,4,0,0,0,2,25,4,0,0,2,1,1,3,0,0,0,0,0,0,0,0,0,0,0,0,0,0,0,0,0,0,0,0,0,0,0,0,0,0,0,0,0,0,0,0,0,0,0,0,0,0,0,0,1
332,3,0,1112098530,258,224,267,1878026,0,33088,4096,999424,4096,4096,1048576,1888256,4096,4096,1048576,880640,16,0,5,0,0,0,9,0,5,0,0,2,1,6,11,0,0,0,0,0,0,0,0,0,0,0,0,0,0,0,0,0,0,0,0,0,0,0,0,0,0,0,0,0,0,0,0,0,0,0,0,0,0,0,0,1
332,3,0,1308312421,8462,224,267,2168362,0,0,4096,1171456,4096,4096,1048576,2183168,8192,4096,1048576,999424,16,0,4,0,0,0,6,0,4,0,0,2,1,14,18,0,0,0,0,0,0,0,0,0,0,0,0,0,0,0,0,0,0,0,0,0,0,0,0,0,0,0,0,0,0,0,0,0,0,0,0,0,0,0,0,1
332,5,0,1260053452,271,224,267,12580,0,32768,4096,24064,1024,4096,1048576,344064,164864,4096,1048576,1024,16,0,4,0,6,0,6,0,4,0,0,2,0,8,155,0,0,0,0,0,0,0,0,0,0,0,0,0,0,0,0,0,0,0,0,0,0,0,0,0,0,0,0,0,0,0,0,0,0,0,0,0,0,0,0,1
332,8,0,708992537,33166,224,267,45198,0,0,4096,44032,1024,4096,1048576,1130496,0,16384,1048576,60928,16,0,4,0,0,0,2,25,4,0,0,2,0,9,110,0,0,0,0,0,0,4,0,0,0,0,0,0,0,0,0,0,0,0,0,0,0,0,0,0,0,0,0,0,3,0,0,0,0,0,0,0,0,0,0,1
332,4,0,1127227764,262,224,267,26994,0,0,4096,100352,1024,4096,1048576,278528,70656,4096,1048576,0,16,0,4,0,0,0,9,0,5,1,0,2,0,4,47,0,0,0,0,0,0,0,0,0,0,0,0,0,0,0,0,0,0,0,0,0,0,0,0,0,0,0,0,0,0,0,0,0,0,0,0,0,0,0,0,1
332,4,0,1305962891,271,224,267,489562,0,0,4096,487424,4096,4096,1048576,872448,180224,4096,1048576,0,16,0,4,0,0,0,6,0,4,0,0,2,0,12,416,0,0,0,0,1,0,0,0,0,0,0,0,0,0,0,0,0,0,0,0,0,0,0,0,0,0,0,0,0,0,0,0,0,0,0,0,0,0,0,0,1
332,4,0,1126204617,262,224,267,25346,0,0,4096,107520,1024,4096,1048576,581632,75264,4096,1048576,0,16,0,4,0,0,0,9,0,5,1,0,2,0,6,114,0,0,0,0,0,0,0,0,0,0,0,0,0,0,0,0,0,0,0,0,0,0,0,0,0,0,0,0,0,0,0,0,0,0,0,0,0,0,0,0,1
332,5,0,1305179446,8462,224,267,76859,0,0,4096,74240,1024,4096,1048576,126976,36352,4096,1048576,0,16,0,4,0,0,0,6,0,4,0,0,2,0,16,307,0,0,0,0,0,0,0,0,0,0,0,0,0,0,0,0,0,0,0,0,0,0,0,0,0,0,0,0,0,0,0,0,0,0,0,0,0,0,0,0,1
332,3,0,1293217364,271,224,267,2389975,785269,0,4096,0,4096,4096,1048576,3072000,778240,4096,1048576,2281472,16,0,4,0,0,0,6,0,4,0,0,2,0,12,17,0,0,0,0,0,0,0,0,0,0,0,0,0,0,0,0,0,0,0,0,0,0,0,0,0,0,0,0,0,0,0,0,0,0,0,0,0,0,0,0,1
332,3,0,1198676533,258,224,267,1885130,0,33088,4096,1003520,4096,4096,1048576,1896448,8192,4096,1048576,880640,16,0,5,0,0,0,8,0,5,0,0,2,1,5,10,0,0,0,0,0,0,0,0,0,0,0,0,0,0,0,0,0,0,0,0,0,0,0,0,0,0,0,0,0,0,0,0,0,0,0,0,0,0,0,0,1
332,4,0,1306293965,271,224,267,3448970,0,0,4096,1421312,4096,4096,1048576,3457025,12288,4096,1048576,2011136,16,0,4,0,0,0,6,0,4,0,0,2,0,1,2,0,0,0,0,0,0,0,0,0,0,0,0,0,0,0,0,0,0,0,0,0,0,0,0,0,0,0,0,0,0,0,0,0,0,0,0,0,0,0,0,1
332,4,0,1305725869,8462,224,267,69754,0,0,4096,110080,1024,4096,1048576,131072,7680,4096,1048576,0,16,0,4,0,0,0,6,0,4,0,0,2,0,15,313,0,0,0,0,0,0,0,0,0,0,0,0,0,0,0,0,0,0,0,0,0,0,0,0,0,0,0,0,0,0,0,0,0,0,0,0,0,0,0,0,1
332,5,0,1299160825,271,376,267,5194,0,0,4096,1536,1024,4096,1048576,163840,145408,4096,1048576,0,16,0,4,0,0,0,6,0,4,0,0,2,0,5,48,0,0,0,0,0,0,0,0,0,0,0,0,0,0,0,0,0,0,0,0,0,0,0,0,0,0,0,0,0,0,0,0,0,0,0,0,0,0,0,0,1
332,4,0,1308073810,271,224,267,45098,33700,0,4096,4096,512,4096,1048576,86016,32768,16384,1048576,0,16,0,4,0,0,0,1,2,4,0,0,2,0,1,3,0,0,0,0,0,0,0,0,0,0,0,0,0,0,0,0,0,0,0,0,0,0,0,0,0,0,0,0,0,0,0,0,0,0,0,0,0,0,0,0,1
332,4,0,0,33166,416,267,683046,0,0,4096,0,1024,4096,1048576,745472,1536,16384,1048576,0,16,0,0,0,0,0,0,0,4,0,0,2,0,1,2,0,0,1,6,0,1,0,0,0,0,0,0,0,0,0,2,0,0,2,0,0,0,0,0,0,0,0,0,0,0,0,0,0,0,3,0,0,0,0,0,1
332,5,0,1302709043,271,224,267,319530,0,0,4096,491520,4096,4096,1048576,494516,491520,4096,1048576,0,16,0,4,0,0,0,6,0,4,0,0,2,0,2,5,0,0,0,0,0,0,0,0,0,0,0,0,0,0,0,0,0,0,0,0,0,0,0,0,0,0,0,0,0,0,0,0,0,0,0,0,0,0,0,0,1
332,3,0,708992537,33167,224,267,443850,0,0,4096,208896,4096,4096,1048576,548864,4096,16384,1048576,331776,16,0,4,0,0,0,2,25,4,0,0,2,1,21,440,1,0,1,6,0,1,0,0,0,0,0,0,0,0,0,1,0,0,2,0,0,0,0,0,0,0,0,0,0,3,0,0,0,0,3,0,0,0,0,0,1
332,8,0,708992537,33166,224,267,1516514,2132284,0,4096,1512960,1024,4096,1048576,2146304,596992,16384,1048576,0,16,0,4,0,0,0,2,25,4,0,0,2,0,26,535,29,0,35,5,0,38,0,0,0,0,0,0,0,0,0,30,0,0,2,0,0,0,0,0,0,0,0,0,0,6,0,0,0,0,14,0,0,0,0,0,1
332,13,0,801977510,33167,224,267,5053,0,0,4096,1101824,1024,4096,4096,4878336,614400,16384,1048576,0,481108999,2073785935,4,0,1,34,7,13,4,0,0,2,0,2,2,0,0,0,0,0,0,0,0,0,0,0,0,0,0,0,0,0,0,0,0,0,0,0,0,0,0,0,0,0,0,0,0,0,0,0,0,0,0,0,0,1
332,3,0,1285001922,33167,224,267,798858,0,0,4096,274432,4096,4096,1048576,806912,4096,16384,1048576,524288,16,0,4,0,0,0,2,25,4,0,0,2,1,23,28,0,0,0,0,0,0,0,0,0,0,0,0,0,0,0,0,0,0,0,0,0,0,0,0,0,0,0,0,0,0,0,0,0,0,0,0,0,0,0,0,1
332,4,0,1307554494,271,224,267,69683,0,0,4096,70144,1024,4096,1048576,253952,167424,4096,1048576,0,16,0,4,0,0,0,5,12,4,0,0,2,0,10,30,0,0,0,0,0,0,0,0,0,0,0,0,0,0,0,0,0,0,0,0,0,0,0,0,0,0,0,0,0,0,0,0,0,0,0,0,0,0,0,0,1
332,3,0,1091599297,271,224,267,25734,316816,33792,4096,39424,1024,4096,1048576,307200,254464,4096,262144,0,16,0,5,1,5,1,7,10,4,0,0,2,0,6,134,0,0,0,0,0,0,0,0,0,0,0,0,0,0,0,0,0,0,0,0,0,0,0,0,0,0,0,0,0,0,0,0,0,0,0,0,0,0,0,0,1
332,4,0,1306376090,271,224,267,307491,0,0,4096,430080,4096,4096,1048576,663552,163840,4096,1048576,0,16,0,4,0,0,0,6,0,4,0,0,2,0,12,411,0,0,0,0,0,0,0,0,0,0,0,0,0,0,0,0,0,4,0,0,0,0,0,0,0,0,0,5,0,0,0,0,0,0,0,0,0,0,0,0,1
332,3,0,1091599297,271,224,267,25734,547112,33792,4096,39424,1024,4096,1048576,548864,495616,4096,262144,0,16,0,5,1,5,1,7,10,4,0,0,2,0,6,134,0,0,0,0,0,0,0,0,0,0,0,0,0,0,0,0,0,0,0,0,0,0,0,0,0,0,0,0,0,0,0,0,0,0,0,0,0,0,0,0,1
332,3,0,1281136751,271,224,267,106242,30265,0,4096,81920,1024,4096,1048576,110592,4096,4096,1048576,0,16,0,4,0,0,0,6,0,4,0,0,2,0,1,4,0,0,0,0,0,0,0,0,0,0,0,0,0,0,0,0,0,0,0,0,0,0,0,0,0,0,0,0,0,0,0,0,0,0,0,0,0,0,0,0,1
332,7,0,1282845832,271,224,267,36907,670610,0,4096,0,1536,4096,1048576,655360,645120,16384,1048576,0,16,0,4,0,0,0,1,2,4,0,0,2,1,2,4,0,0,0,0,0,0,0,0,0,0,0,0,0,0,0,0,0,0,0,0,0,0,0,0,0,0,0,0,0,0,0,0,0,0,0,0,0,0,0,0,1
332,4,0,1299160825,271,224,267,5194,0,0,4096,1536,1024,4096,1048576,151552,134656,4096,1048576,0,16,0,4,0,0,0,6,0,4,0,0,2,0,5,48,0,0,0,0,0,0,0,0,0,0,0,0,0,0,0,0,0,0,0,0,0,0,0,0,0,0,0,0,0,0,0,0,0,0,0,0,0,0,0,0,1
332,4,0,1002191442,8450,224,267,5137,0,0,4096,57344,1024,16384,262144,77824,16384,8192,1048576,0,16,0,5,0,42022,14576,7,10,5,0,0,2,0,12,128,0,0,0,0,0,0,0,0,0,0,0,0,0,0,0,0,0,0,0,0,0,0,0,0,0,0,0,0,0,0,0,0,0,0,0,0,0,0,0,0,1
332,4,0,1126204617,262,224,267,25346,0,0,4096,102400,1024,4096,1048576,282624,70656,4096,1048576,0,16,0,4,0,0,0,9,0,5,1,0,2,0,7,116,0,0,0,0,0,0,0,0,0,0,0,0,0,0,0,0,0,0,0,0,0,0,0,0,0,0,0,0,0,0,0,0,0,0,0,0,0,0,0,0,1
332,4,0,1103747619,271,224,267,1672300,0,0,4096,5216,4096,4096,1048576,1679668,208,4096,1048576,0,16,0,4,0,0,0,0,0,4,0,0,2,0,3,12,0,0,0,0,0,0,0,0,0,0,0,0,0,0,0,0,0,0,0,0,0,0,0,0,0,0,0,0,0,0,0,0,0,0,0,0,0,0,0,0,1
332,2,0,1199631091,271,224,267,562,52216,0,512,512,512,4096,1048576,6144,5120,4096,1048576,0,16,0,4,0,4,0,5,12,4,0,0,2,0,1,1,0,0,0,0,0,0,0,0,0,0,0,0,0,0,0,0,0,0,0,0,0,0,0,0,0,0,0,0,0,0,0,0,0,0,0,0,0,0,0,0,1
332,4,0,1305033394,271,224,267,4214,0,0,4096,641536,4096,4096,1048576,3678208,8704,4096,1048576,0,16,0,4,0,0,0,8,0,4,0,0,2,0,4,48,0,0,0,0,0,0,0,0,0,0,0,0,0,0,0,0,0,0,0,0,0,0,0,0,0,0,0,0,0,0,0,0,0,0,0,0,0,0,0,0,1
332,5,0,1308266035,271,224,267,1118250,1164630,0,4096,24576,4096,4096,1048576,1126400,368640,4096,1048576,0,16,0,4,0,8,8,6,0,4,0,0,2,0,1,21,0,0,0,0,0,0,0,0,0,0,0,0,0,0,0,0,0,0,0,0,0,0,0,0,0,0,0,0,0,0,0,0,0,0,0,0,0,0,0,0,1
332,5,0,1307011595,258,224,267,5022,109432,33088,4096,25600,1024,4096,1048576,77824,36352,4096,1048576,0,16,0,5,0,0,0,9,0,5,0,0,2,0,1,61,0,0,0,0,0,0,0,0,0,0,0,0,0,0,0,0,0,0,0,0,0,0,0,0,0,0,0,0,0,0,0,0,0,0,0,0,0,0,0,0,1
332,4,0,1041352828,271,224,267,303758,0,0,4096,303104,4096,4096,1048576,618496,241664,4096,1048576,0,16,0,4,0,0,0,6,0,4,0,0,2,0,17,430,0,0,0,0,0,0,0,0,0,0,0,0,0,0,0,0,0,0,0,0,0,0,0,0,0,0,0,0,0,0,0,0,0,0,0,0,0,0,0,0,1
332,3,0,1308170489,258,224,267,19793,154784,33088,4096,45056,1024,4096,1048576,184320,106496,4096,1048576,0,16,0,5,0,0,0,9,0,5,0,0,2,0,1,4,0,0,0,0,0,0,0,0,0,0,0,0,0,0,0,0,0,0,0,0,0,0,0,0,0,0,0,0,0,0,0,0,0,0,0,0,0,0,0,0,1
332,4,0,1129254839,259,224,267,28274,0,0,4096,108032,1024,4096,1048576,319488,81408,4096,1048576,0,16,0,4,0,0,0,9,0,5,1,0,2,0,4,36,0,0,0,0,0,0,0,0,0,0,0,0,0,0,0,0,0,0,0,0,0,0,0,0,0,0,0,0,0,0,0,0,0,0,0,0,0,0,0,0,1
332,13,0,766348714,783,224,267,3920013,208729,0,4096,121856,1024,4096,4096,3919913,260725,4096,1048576,0,639133386,1071258869,4,0,6,56,6,0,4,0,0,2,0,6,8,0,0,0,0,0,0,0,0,0,0,0,0,0,0,0,0,0,0,0,0,0,0,0,0,0,0,0,0,0,0,0,0,0,0,0,0,0,0,0,0,1
332,4,0,1305033394,271,224,267,4138,0,0,4096,4096,4096,4096,1048576,1851392,8704,4096,1048576,0,16,0,4,0,0,0,8,0,4,0,0,2,0,4,52,0,0,0,0,0,0,0,0,0,0,0,0,0,0,0,0,0,0,0,0,0,0,0,0,0,0,0,0,0,0,0,0,0,0,0,0,0,0,0,0,1
332,12,0,708992537,41358,224,267,886273,1094697,1,4096,286720,4096,4096,1048576,1855488,790528,4096,1048576,0,16,0,4,0,0,0,83,82,4,0,0,2,0,11,164,0,0,0,0,0,9,0,0,0,0,0,0,0,0,0,0,0,0,0,0,0,0,0,0,0,0,0,0,0,0,0,0,0,0,0,0,0,0,0,0,1
332,12,0,708992537,33166,224,267,4138,0,0,4096,466432,1024,4096,1048576,831488,83968,16384,1048576,0,16,0,4,0,0,0,2,25,4,0,0,2,0,16,18,0,0,0,0,0,0,0,0,0,0,0,0,0,0,0,0,0,0,0,0,0,0,0,0,0,0,0,0,0,0,0,0,0,0,0,0,0,0,0,0,1
332,3,0,1340462401,271,224,267,90154,90993,0,4096,4096,512,4096,1048576,134726,4096,16384,1048576,0,16,0,4,0,0,0,1,2,4,0,0,2,0,1,3,0,0,0,0,0,0,0,0,0,0,0,0,0,0,0,0,0,0,0,0,0,0,0,0,0,0,0,0,0,0,0,0,0,0,0,0,0,0,0,0,1
332,4,0,1277962796,774,224,267,41002,106262,0,4096,32768,4096,4096,1048576,80384,20480,16384,1048576,86016,16,0,4,0,1,0,2,56,4,0,0,2,0,1,3,0,0,0,0,0,0,0,0,0,0,0,0,0,0,0,0,0,0,0,0,0,0,0,0,0,0,0,0,0,0,0,0,0,0,0,0,0,0,0,0,1
332,5,503959,891113038,33167,224,267,4138,0,0,4096,618496,1024,8192,1130496,931962880,1581056,32768,1220608,962560,1344134128,1650233876,4,0,2,45,1,68,4,0,0,2,0,4,225,0,0,0,0,0,0,0,0,0,0,0,0,0,0,0,0,0,0,0,0,0,0,0,0,0,0,0,0,0,0,0,0,0,0,0,0,0,0,0,0,1
332,3,0,11,770,224,267,131227,0,32768,4096,16384,512,4096,1048576,139264,12288,4096,1048576,0,16,0,5,0,0,0,9,0,5,0,0,2,1,1,2,0,0,0,0,0,0,0,0,0,0,0,0,0,0,0,0,0,0,0,0,0,0,0,0,0,0,0,0,0,0,0,0,0,0,0,0,0,0,0,0,1
332,4,840695160,1377857448,271,224,267,16872,0,0,4096,131072,1024,8192,1204224,659456,550400,8192,1658880,516096,973530099,0,4,0,9,33,2,49,4,0,0,2,0,2,13,0,0,0,0,0,0,0,0,0,0,0,0,0,0,0,0,0,0,0,0,0,0,0,0,0,0,0,0,0,0,0,0,0,0,0,0,0,0,0,0,1
332,4,0,1295163773,271,224,267,11754,0,0,4096,12288,4096,4096,1048576,385024,368640,4096,1048576,0,16,0,4,0,0,0,6,0,4,0,0,2,0,5,187,0,0,0,0,0,0,0,0,0,0,0,0,0,0,0,0,0,0,0,0,0,0,0,0,0,0,0,0,0,0,0,0,0,0,0,0,0,0,0,0,1
332,4,0,1126204617,262,224,267,25346,0,0,4096,107520,1024,4096,1048576,450560,75776,4096,1048576,0,16,0,4,0,0,0,9,0,5,1,0,2,0,6,114,0,0,0,0,0,0,0,0,0,0,0,0,0,0,0,0,0,0,0,0,0,0,0,0,0,0,0,0,0,0,0,0,0,0,0,0,0,0,0,0,1
332,4,840695160,1377857448,271,224,267,16872,0,0,4096,131072,1024,8192,1204224,757760,647168,8192,1658880,516096,973530099,0,4,0,9,33,2,49,4,0,0,2,0,2,13,0,0,0,0,0,0,0,0,0,0,0,0,0,0,0,0,0,0,0,0,0,0,0,0,0,0,0,0,0,0,0,0,0,0,0,0,0,0,0,0,1
332,4,0,1299160825,271,224,267,5194,0,0,4096,1536,1024,4096,1048576,151552,134656,4096,1048576,0,16,0,4,0,0,0,6,0,4,0,0,2,0,5,48,0,0,0,0,0,0,0,0,0,0,0,0,0,0,0,0,0,0,0,0,0,0,0,0,0,0,0,0,0,0,0,0,0,0,0,0,0,0,0,0,1
332,3,0,1140343770,271,224,267,4834,53650,0,4096,8192,4096,4096,1048576,20480,8192,4096,1048576,0,16,0,4,0,2,0,6,0,4,0,0,2,0,1,65,0,0,0,0,0,0,1,0,0,0,0,0,0,0,0,0,0,0,0,0,0,0,0,0,0,0,0,0,0,0,0,0,0,0,0,0,0,0,0,0,1
332,4,0,1127712667,262,224,267,26866,0,0,4096,114176,1024,4096,1048576,573440,74240,4096,1048576,0,16,0,4,0,0,0,9,0,5,1,0,2,0,4,35,0,0,0,0,0,0,0,0,0,0,0,0,0,0,0,0,0,0,0,0,0,0,0,0,0,0,0,0,0,0,0,0,0,0,0,0,0,0,0,0,1
332,2,0,708992537,33167,224,267,626763,0,0,4096,0,512,4096,1048576,1126400,0,4096,1048576,0,16,0,4,0,0,0,5,12,4,0,0,2,0,24,514,1,0,5,5,0,4,0,0,0,0,0,0,0,0,0,0,0,0,4,0,0,0,0,0,0,0,0,0,0,3,0,0,0,0,3,0,0,0,0,0,1
332,11,0,0,783,224,267,2153397,0,0,4096,20480,1024,4096,1048576,2174976,118784,8192,1048576,0,16,0,4,0,0,0,5,0,4,0,0,2,0,14,15,0,36,0,0,0,6,0,0,0,0,43,0,0,0,0,0,0,0,7,0,0,0,0,0,0,0,0,0,0,0,212,0,0,0,0,0,112,0,0,0,1
332,4,1564823652,1198851095,271,224,267,36906,66121,0,4096,28672,512,4096,1048576,73728,2560,4096,1048576,0,16,0,4,0,0,0,6,0,4,0,0,2,0,1,17,0,0,0,0,0,0,0,0,0,0,0,0,0,0,0,0,0,0,0,0,0,0,0,0,0,0,0,0,0,0,0,0,0,0,0,0,0,0,0,0,1
332,4,0,1305948167,271,224,267,834326,0,0,4096,831488,4096,4096,1048576,3112960,2060288,4096,1048576,0,16,0,4,0,0,0,6,0,4,0,0,2,0,17,521,0,0,0,0,0,0,0,0,0,0,0,0,0,0,0,0,0,0,0,0,0,0,0,0,0,0,0,0,0,0,0,0,0,0,0,0,0,0,0,0,1
332,4,0,1132851055,262,224,267,25410,0,0,4096,114688,1024,4096,1048576,442368,75776,4096,1048576,0,16,0,4,0,0,0,9,0,5,1,0,2,0,4,35,0,0,0,0,0,0,0,0,0,0,0,0,0,0,0,0,0,0,0,0,0,0,0,0,0,0,0,0,0,0,0,0,0,0,0,0,0,0,0,0,1
332,4,0,1224754952,259,224,267,79233,302054,0,4096,159744,4096,4096,1048576,307200,126976,4096,1048576,0,16,0,4,0,0,0,8,0,4,0,0,2,0,10,283,0,0,0,0,0,0,0,0,0,0,0,0,0,0,0,0,0,0,0,0,0,0,0,0,0,0,0,0,0,0,0,0,0,0,0,0,0,0,0,0,1
332,3,0,1304483383,271,224,267,6130,74313,0,4096,53248,4096,4096,1048576,69632,12288,4096,1048576,0,16,0,4,0,1,0,144,0,4,0,0,2,0,0,0,0,0,0,0,0,0,2,0,0,0,0,0,0,0,0,0,0,0,0,0,0,0,0,0,0,0,0,0,0,0,0,0,0,0,0,0,0,0,0,0,1
332,4,0,1082442114,8450,224,267,5137,0,0,4096,61440,1024,32768,524288,81920,16384,28672,8388608,0,16,0,5,1,27065,56016,7,10,5,0,0,2,0,12,124,0,0,0,0,0,0,0,0,0,0,0,0,0,0,0,0,0,0,0,0,0,0,0,0,0,0,0,0,0,0,0,0,0,0,0,0,0,0,0,0,1
332,5,0,1198851095,783,224,267,43853,0,0,4096,0,1024,4096,1048576,147456,85504,4096,1048576,0,16,0,4,0,0,0,6,0,4,0,0,2,0,2,21,0,0,0,0,0,0,0,0,0,0,0,0,0,0,0,0,0,0,0,0,0,0,0,0,0,0,0,0,0,0,0,0,0,0,0,0,0,0,0,0,1
332,6,0,1288056125,782,224,267,4778,69495,0,4096,24576,1024,4096,1048576,86016,16384,4096,1048576,40960,16,0,4,0,1,0,2,56,4,0,0,2,0,4,129,0,0,0,0,0,0,0,0,0,0,0,0,0,0,0,0,0,0,0,0,0,0,0,0,0,0,0,0,0,0,0,0,0,0,0,0,0,0,0,0,1
332,4,0,957101232,259,224,267,136184,0,32768,4096,151552,1024,8192,262144,167936,12288,28672,2097152,0,16,0,5,1,27514,1552,7,10,5,0,0,2,0,11,139,0,0,0,0,0,0,0,0,0,0,0,0,0,0,0,0,0,0,0,0,0,0,0,0,0,0,0,0,0,0,0,0,0,0,0,0,0,0,0,0,1
332,4,0,1290171639,259,224,267,74633,117766,0,4096,72192,1024,4096,1048576,114688,22016,4096,1048576,0,16,0,4,0,0,0,8,0,4,0,0,2,0,8,188,0,0,0,0,0,0,0,0,0,0,0,0,0,0,0,0,0,0,0,0,0,0,0,0,0,0,0,0,0,0,0,0,0,0,0,0,0,0,0,0,1
332,4,1099323142,387217787,271,224,267,16279,0,0,4096,126976,1024,8192,2072576,684032,671744,8192,1196032,544768,500915392,0,4,0,8,24,9,42,4,0,0,2,0,4,59,0,0,0,0,0,0,0,0,0,0,0,0,0,0,0,0,0,0,0,0,0,0,0,0,0,0,0,0,0,0,0,0,0,0,0,0,0,0,0,0,1
332,10,0,1305459640,271,224,267,1544234,1485004,0,4096,24576,1024,4096,1048576,1552384,28672,4096,1048576,102400,16,0,4,0,2,0,6,0,4,0,0,2,1,1,22,0,0,0,0,0,0,4,0,0,0,0,0,0,0,0,0,0,0,0,0,0,0,0,0,0,0,2,0,0,0,0,0,0,0,0,0,0,0,0,0,1
332,4,1510825934,733577603,271,224,267,15237,0,0,4096,126976,1024,8192,1429504,659456,647168,8192,1929216,520192,262211205,0,4,0,3,2,2,58,4,0,0,2,0,2,16,0,0,0,0,0,0,1,0,0,0,0,0,0,0,0,0,0,0,0,0,0,0,0,0,0,0,0,0,0,0,0,0,0,0,0,0,0,0,0,0,1
332,5,0,1306432809,271,224,267,3141009,2360346,0,4096,0,4096,4096,1048576,3198976,0,4096,1048576,0,16,0,5,0,0,0,6,0,4,0,0,2,0,16,16,0,0,0,0,0,0,0,0,0,0,0,0,0,0,0,0,0,0,0,0,0,0,0,0,0,0,0,0,0,0,0,0,0,0,0,0,0,0,0,0,1
332,3,0,1307796507,271,224,267,8562,222312,0,4096,184320,4096,4096,1048576,204800,16384,4096,1048576,0,16,0,4,0,1,0,6,0,4,0,0,2,0,1,116,0,0,0,0,0,0,2,0,0,0,0,0,0,0,0,0,0,0,0,0,0,0,0,0,0,0,0,0,0,0,0,0,0,0,0,0,0,0,0,0,1
332,3,0,1173608618,271,224,267,4590,798466,0,4096,8192,4096,4096,1048576,782336,770048,4096,1048576,0,16,0,4,0,1,0,6,0,4,0,0,2,0,1,43,0,0,0,0,0,0,2,0,0,0,0,0,0,0,0,0,0,0,0,0,0,0,0,0,0,0,0,0,0,0,0,0,0,0,0,0,0,0,0,0,1
332,2,0,1198851095,271,224,267,31923,66121,0,4096,28672,1024,4096,1048576,36864,2560,4096,1048576,0,16,0,4,0,0,0,6,16,4,0,0,2,0,2,9,0,0,0,0,0,0,0,0,0,0,0,0,0,0,0,0,0,0,0,0,0,0,0,0,0,0,0,0,0,0,0,0,0,0,0,0,0,0,0,0,1
332,2,0,1192207932,271,224,267,31351,95260,0,4096,28160,1024,4096,1048576,81920,1024,4096,1048576,0,16,0,4,0,0,0,6,0,4,0,0,2,0,1,8,0,0,0,0,0,0,0,0,0,0,0,0,0,0,0,0,0,0,0,0,0,0,0,0,0,0,0,0,0,0,0,0,0,0,0,0,0,0,0,0,1
332,4,0,1299160825,271,224,267,5194,0,0,4096,1536,1024,4096,1048576,147456,131584,4096,1048576,0,16,0,4,0,0,0,6,0,4,0,0,2,0,5,48,0,0,0,0,0,0,0,0,0,0,0,0,0,0,0,0,0,0,0,0,0,0,0,0,0,0,0,0,0,0,0,0,0,0,0,0,0,0,0,0,1
332,6,0,1305081319,783,224,267,4778,0,0,4096,16384,1024,4096,1048576,651264,292864,4096,1048576,327680,16,0,4,0,1,0,2,56,4,0,0,2,0,4,76,0,0,0,0,0,0,0,0,0,0,0,0,0,0,120,0,0,0,0,0,0,0,0,0,0,0,0,0,0,0,0,0,0,0,0,693,0,0,0,0,1
332,3,0,1307526998,271,224,267,6637,46085,0,4096,20480,4096,4096,1048576,32768,8192,4096,1048576,0,16,0,4,0,1,0,6,0,4,0,0,2,0,1,89,0,0,0,0,0,0,2,0,0,0,0,0,0,0,0,0,0,0,0,0,0,0,0,0,0,0,0,0,0,0,0,0,0,0,0,0,0,0,0,0,1
332,6,0,1283309764,782,224,267,4778,74662,0,4096,36864,1024,4096,1048576,94208,16384,4096,1048576,36864,16,0,4,0,1,0,2,56,4,0,0,2,0,4,132,0,0,0,0,0,0,0,0,0,0,0,0,0,0,0,0,0,0,0,0,0,0,0,0,0,0,0,0,0,0,0,0,0,0,0,0,0,0,0,0,1
332,3,0,1257443462,271,224,267,5306,0,0,4096,8192,4096,4096,1048576,110592,4096,4096,1048576,20480,16,0,4,0,10,0,6,0,4,0,0,2,1,1,18,0,0,0,0,0,0,2,0,0,0,0,0,0,0,0,0,0,0,0,0,0,0,0,0,0,0,0,0,0,0,0,0,0,0,0,0,0,0,0,0,1
332,4,0,1162057324,8450,224,267,5137,0,0,4096,57344,1024,8192,65536,77824,16384,24576,1048576,0,16,0,5,1,50968,13440,7,10,5,0,0,2,0,14,139,0,0,0,0,0,0,0,0,0,0,0,0,0,0,0,0,0,0,0,0,0,0,0,0,0,0,0,0,0,0,0,0,0,0,0,0,0,0,0,0,1
332,2,0,1277578737,271,224,267,11046,0,0,4096,81920,1024,4096,1048576,106496,8192,4096,1048576,0,16,0,4,0,1,0,2,0,4,0,0,2,0,1,130,0,0,0,0,0,0,1,0,0,0,0,0,0,0,0,0,0,0,0,0,0,0,0,0,0,0,0,0,0,0,0,0,0,0,0,0,0,0,0,0,1
332,4,0,1130913197,259,224,267,27042,0,0,4096,109056,1024,4096,1048576,573440,74240,4096,1048576,0,16,0,4,0,0,0,9,0,5,1,0,2,0,4,36,0,0,0,0,0,0,0,0,0,0,0,0,0,0,0,0,0,0,0,0,0,0,0,0,0,0,0,0,0,0,0,0,0,0,0,0,0,0,0,0,1
332,4,0,964408796,8450,224,267,5137,0,0,4096,57344,1024,32768,262144,73728,12288,4096,1048576,0,16,0,5,2,20456,1408,7,10,5,0,0,2,0,11,132,0,0,0,0,0,0,0,0,0,0,0,0,0,0,0,0,0,0,0,0,0,0,0,0,0,0,0,0,0,0,0,0,0,0,0,0,0,0,0,0,1
332,4,0,858321811,271,224,267,19050,93512,0,4096,18432,1024,4096,1048576,131072,70656,4096,1048576,0,16,0,4,0,0,0,2,50,4,0,0,2,0,1,28,0,0,0,0,0,0,0,0,0,0,0,0,0,0,0,0,0,0,0,0,0,0,0,0,0,0,0,0,0,0,0,0,0,0,0,0,0,0,0,0,1
332,4,0,1127937951,259,224,267,26994,0,0,4096,100864,1024,4096,1048576,442368,76800,4096,1048576,0,16,0,4,0,0,0,9,0,5,1,0,2,0,4,36,0,0,0,0,0,0,0,0,0,0,0,0,0,0,0,0,0,0,0,0,0,0,0,0,0,0,0,0,0,0,0,0,0,0,0,0,0,0,0,0,1
332,4,0,1305033394,271,224,267,4138,0,0,4096,3072,4096,4096,1048576,868352,29696,4096,1048576,0,16,0,4,0,0,0,8,0,4,0,0,2,0,4,50,0,0,0,0,0,0,0,0,0,0,0,0,0,0,0,0,0,0,0,0,0,0,0,0,0,0,0,0,0,0,0,0,0,0,0,0,0,0,0,0,1
332,7,0,1308542152,783,224,267,4778,0,0,4096,13824,1024,4096,1048576,2134016,9728,8192,1048576,2089472,16,0,4,0,1,0,2,56,4,0,0,2,0,4,45,0,0,0,0,0,0,0,0,0,0,0,0,0,0,0,0,0,0,0,0,0,0,0,0,0,0,0,0,0,0,0,0,0,0,0,0,0,0,0,0,1
332,4,0,708992537,33166,224,267,685907,0,0,4096,0,1024,4096,1048576,715652,10432,16384,1048576,0,16,0,4,0,0,0,6,0,4,0,0,2,0,2,13,0,0,0,0,0,0,0,0,0,0,0,0,0,0,0,0,0,0,0,0,0,0,0,0,0,0,0,0,0,0,0,0,0,0,0,0,0,0,0,0,1
332,5,0,0,271,224,267,6070,0,0,4096,28672,512,4096,1048576,69632,8192,4096,1048576,0,16,0,4,0,1,0,0,0,4,0,0,2,0,1,90,0,0,0,0,0,0,2,0,0,0,0,0,0,0,0,0,0,0,0,0,0,0,0,0,0,0,0,0,0,0,0,0,0,0,0,0,0,0,0,0,1
332,4,0,1133002820,262,224,267,27426,0,0,4096,100864,1024,4096,1048576,278528,69632,4096,1048576,0,16,0,4,0,0,0,9,0,5,1,0,2,0,4,47,0,0,0,0,0,0,0,0,0,0,0,0,0,0,0,0,0,0,0,0,0,0,0,0,0,0,0,0,0,0,0,0,0,0,0,0,0,0,0,0,1
332,2,0,568087415,33167,224,267,4138,0,0,4096,0,512,4096,1048576,4155677,0,4096,1048576,0,16,0,4,0,0,0,5,12,4,0,0,2,0,1,6,0,0,0,0,0,0,0,0,0,0,0,0,0,0,0,0,0,0,0,0,0,0,0,0,0,0,0,0,0,0,0,0,0,0,0,0,0,0,0,0,1
332,4,0,1247528563,258,224,267,27426,528905,33088,4096,44032,1024,4096,1048576,491520,429056,8192,262144,0,16,0,6,1,6,1,9,0,5,0,0,2,0,7,153,0,0,0,0,0,0,0,0,0,0,0,0,0,0,0,0,0,0,0,0,0,0,0,0,0,0,0,0,0,0,0,0,0,0,0,0,0,0,0,0,1
332,6,0,1308023751,783,224,267,4778,0,0,4096,13824,1024,4096,1048576,77824,6144,4096,1048576,38912,16,0,4,0,1,0,2,56,4,0,0,2,0,4,53,0,0,0,0,0,0,0,0,0,0,0,0,0,0,0,0,0,0,0,0,0,0,0,0,0,0,0,0,0,0,0,0,0,0,0,0,0,0,0,0,1
332,4,0,1307702377,271,224,267,557910,0,0,4096,700416,4096,4096,1048576,3096576,2129920,4096,1048576,0,16,0,4,0,0,0,6,0,4,0,0,2,0,14,457,0,0,0,0,0,0,0,0,0,0,0,0,0,0,0,0,0,4,0,0,0,0,1,0,0,0,0,5,0,0,0,0,0,0,0,0,0,0,0,0,1
332,2,0,1169072342,271,224,267,42,0,0,0,26624,0,0,0,0,1024,0,0,0,0,0,0,0,0,0,6,0,0,0,0,0,0,0,0,0,0,0,0,0,0,0,0,0,0,0,0,0,0,0,0,0,0,0,0,0,0,0,0,0,0,0,0,0,0,0,0,0,0,0,0,0,0,0,0,1
332,4,0,1224918154,271,224,267,6372,0,0,4096,3072,1024,4096,1048576,28672,11776,4096,1048576,0,16,0,4,0,0,0,6,0,4,0,0,2,0,3,33,0,0,0,0,0,0,0,0,0,0,0,0,0,0,0,0,0,0,0,0,0,0,0,0,0,0,0,0,0,0,0,0,0,0,0,0,0,0,0,0,1
332,5,0,1305995267,271,224,267,3230979,2443788,0,4096,0,4096,4096,1048576,3297280,0,4096,1048576,0,16,0,5,0,0,0,6,0,4,0,0,2,0,16,16,0,0,0,0,0,0,0,0,0,0,0,0,0,0,0,0,0,0,0,0,0,0,0,0,0,0,0,0,0,0,0,0,0,0,0,0,0,0,0,0,1
332,3,0,1198851095,783,224,267,45106,114067,0,4096,144384,1024,4096,1048576,155648,74752,4096,1048576,0,16,0,4,0,0,0,6,0,4,0,0,2,0,4,4,0,0,0,0,0,0,0,0,0,0,0,0,0,0,0,0,0,0,0,0,0,0,0,0,0,0,0,0,0,0,0,0,0,0,0,0,0,0,0,0,1
332,4,0,1192207932,271,224,267,36906,95260,0,4096,28160,512,4096,1048576,73728,1024,4096,1048576,0,16,0,4,0,0,0,6,0,4,0,0,2,0,1,17,0,0,0,0,0,0,0,0,0,0,0,0,0,0,0,0,0,0,0,0,0,0,0,0,0,0,0,0,0,0,0,0,0,0,0,0,0,0,0,0,1
332,4,0,1131208777,262,224,267,25138,0,0,4096,95232,1024,4096,1048576,282624,70656,4096,1048576,0,16,0,4,0,0,0,9,0,5,1,0,2,0,7,47,0,0,0,0,0,0,0,0,0,0,0,0,0,0,0,0,0,0,0,0,0,0,0,0,0,0,0,0,0,0,0,0,0,0,0,0,0,0,0,0,1
332,6,0,4023211158,33167,224,267,3436586,2795425,0,4096,626688,1024,4096,1048576,5894144,147456,16384,1048576,0,16,0,4,0,0,0,2,25,4,0,0,2,0,1,1,0,0,0,0,0,0,0,0,0,0,0,0,0,0,0,0,0,0,0,0,0,0,0,0,0,0,0,0,0,0,0,0,0,0,0,0,0,0,0,0,1
332,4,0,885146223,33167,224,267,806974,5454258,0,4096,627712,1024,4096,1048576,5857280,85504,16384,1048576,0,16,0,4,0,0,0,2,25,4,0,0,2,0,2,3,0,0,0,0,0,0,0,0,0,0,0,0,0,0,0,0,0,0,0,0,0,0,0,0,0,0,0,0,0,0,0,0,0,0,0,0,0,0,0,0,1
332,2,0,1192207932,15,224,267,31351,100278,0,4096,61952,1024,4096,1048576,73728,3584,4096,1048576,0,16,0,4,0,0,0,6,0,4,0,0,2,0,1,8,0,0,0,0,0,0,0,0,0,0,0,0,0,0,0,0,0,0,0,0,0,0,0,0,0,0,0,0,0,0,0,0,0,0,0,0,0,0,0,0,1
332,3,0,1251449388,271,224,267,6494,69620,0,4096,45056,4096,4096,1048576,57344,8192,4096,1048576,0,16,0,4,0,1,0,6,0,4,0,0,2,0,1,123,0,0,0,0,0,0,3,0,0,0,0,0,0,0,0,0,0,0,0,0,0,0,0,0,0,0,0,0,0,0,0,0,0,0,0,0,0,0,0,0,1
332,8,0,1308216812,8462,224,267,1015009,0,0,4096,1527808,4096,4096,1048576,1536000,225280,4096,1048576,0,16,0,4,0,0,0,6,0,4,0,0,2,0,14,419,0,0,0,0,0,0,0,0,0,0,0,0,0,0,0,0,0,0,0,0,0,0,0,0,0,0,0,0,0,0,0,0,0,0,0,0,0,0,0,0,1
332,3,0,1225793729,271,224,267,381546,0,0,4096,225280,4096,4096,1048576,389120,4096,4096,1048576,155648,16,0,4,0,4,0,5,12,4,0,0,2,1,5,10,0,0,0,0,0,0,0,0,0,0,0,0,0,0,0,0,0,0,0,0,0,0,0,0,0,0,0,0,0,0,0,0,0,0,0,0,0,0,0,0,1
332,6,1564823652,708992537,33166,224,267,921145,255129,0,4096,569344,1024,4096,1048576,954368,70144,16384,1048576,0,16,0,4,0,0,0,2,25,4,0,0,2,0,15,20,0,0,0,0,0,0,0,0,0,0,0,0,0,0,0,0,0,0,0,0,0,0,0,0,0,0,0,0,0,0,0,0,0,0,0,0,0,0,0,0,1
332,3,0,1306403015,271,224,267,5386,314694,0,4096,118784,4096,4096,1048576,266240,143360,4096,1048576,0,16,0,4,0,1,0,6,0,4,0,0,2,0,1,80,0,0,0,0,0,0,2,0,0,0,0,0,0,0,0,0,0,0,0,0,0,0,0,0,0,0,0,0,0,0,0,0,0,0,0,0,0,0,0,0,1
332,6,0,1288056125,782,224,267,4778,74913,0,4096,24576,1024,4096,1048576,86016,16384,4096,1048576,40960,16,0,4,0,1,0,2,56,4,0,0,2,0,4,129,0,0,0,0,0,0,0,0,0,0,0,0,0,0,0,0,0,0,0,0,0,0,0,0,0,0,0,0,0,0,0,0,0,0,0,0,0,0,0,0,1
332,4,0,1307785585,271,224,267,41002,62750,0,4096,4096,512,4096,1048576,81920,31232,16384,1048576,0,16,0,4,0,0,0,1,2,4,0,0,2,0,1,3,0,0,0,0,0,0,0,0,0,0,0,0,0,0,0,0,0,0,0,0,0,0,0,0,0,0,0,0,0,0,0,0,0,0,0,0,0,0,0,0,1
332,6,0,1307937357,783,224,267,4778,0,0,4096,11776,1024,4096,1048576,69632,7168,4096,1048576,34304,16,0,4,0,1,0,2,56,4,0,0,2,0,4,42,0,0,0,0,0,0,0,0,0,0,0,0,0,0,0,0,0,0,0,0,0,0,0,0,0,0,0,0,0,0,0,0,0,0,0,0,0,0,0,0,1
332,4,0,1198851095,271,224,267,31923,66121,0,4096,28672,512,4096,1048576,73728,2560,4096,1048576,0,16,0,4,0,0,0,6,0,4,0,0,2,0,2,9,0,0,0,0,0,0,0,0,0,0,0,0,0,0,0,0,0,0,0,0,0,0,0,0,0,0,0,0,0,0,0,0,0,0,0,0,0,0,0,0,1
332,4,0,1306248514,271,224,267,372887,0,0,4096,495616,4096,4096,1048576,778240,212992,4096,1048576,0,16,0,4,0,0,0,6,0,4,0,0,2,0,12,412,0,0,0,0,0,0,0,0,0,0,0,0,0,0,0,0,0,4,0,0,0,0,0,0,0,0,0,5,0,0,0,0,0,0,0,0,0,0,0,0,1
332,3,0,1299160825,271,224,267,184362,99785,0,4096,1536,1024,4096,1048576,184832,134656,4096,1048576,0,16,0,4,0,0,0,6,0,4,0,0,2,0,1,4,0,0,0,0,0,0,0,0,0,0,0,0,0,0,0,0,0,0,0,0,0,0,0,0,0,0,0,0,0,0,0,0,0,0,0,0,0,0,0,0,1
332,4,0,1306322265,271,224,267,295883,0,0,4096,417792,4096,4096,1048576,1654784,1167360,4096,1048576,0,16,0,4,0,0,0,6,0,4,0,0,2,0,12,412,0,0,0,0,0,0,0,0,0,0,0,0,0,0,0,0,0,4,0,0,0,0,0,0,0,0,0,5,0,0,0,0,0,0,0,0,0,0,0,0,1
332,4,0,1158158470,259,224,267,2324033,4133991,0,4096,2424832,4096,4096,1048576,4804608,1708032,4096,1048576,0,16,0,4,0,0,0,8,0,4,0,0,2,0,17,273,0,0,0,0,0,0,0,0,0,0,0,0,0,0,0,0,0,0,0,0,0,0,0,0,0,0,0,23,0,0,0,226,0,0,0,0,0,0,0,0,1
332,5,0,1308494180,271,224,267,36906,72874,0,4096,12288,4096,4096,1048576,45056,8192,4096,1048576,0,16,0,4,0,1,0,6,0,4,0,0,2,0,1,21,0,0,0,0,0,0,2,0,0,0,0,0,0,0,0,0,0,0,0,0,0,0,0,0,0,0,0,0,0,0,0,0,0,0,0,0,0,0,0,0,1
332,2,0,1277251142,271,224,267,11078,0,0,4096,81920,1024,4096,1048576,106496,8192,4096,1048576,0,16,0,4,0,1,0,2,0,4,0,0,2,0,1,130,0,0,0,0,0,0,1,0,0,0,0,0,0,0,0,0,0,0,0,0,0,0,0,0,0,0,0,0,0,0,0,0,0,0,0,0,0,0,0,0,1
332,3,0,708992537,33167,224,267,481186,375871,0,4096,0,4096,4096,1048576,1282048,319116,16384,1048576,937984,16,0,4,0,0,0,2,25,4,0,0,2,0,24,538,1,0,2,6,0,1,0,0,0,0,0,0,0,0,0,1,0,0,2,0,0,0,0,0,0,0,0,0,0,3,0,0,0,0,2,0,0,0,0,0,1
332,4,0,1239435887,259,224,267,16366,79977,0,4096,12288,1024,4096,1048576,69632,47104,4096,1048576,0,16,0,4,0,0,0,8,0,4,0,0,2,0,0,0,0,0,0,0,0,0,0,0,0,0,0,0,0,0,0,0,0,0,0,0,0,0,0,0,0,0,0,0,0,0,0,0,0,0,0,0,0,0,0,0,1
332,5,0,1307209824,258,224,267,5022,70259,33088,4096,25600,1024,4096,1048576,77824,36352,4096,1048576,0,16,0,5,0,0,0,9,0,5,0,0,2,0,1,61,0,0,0,0,0,0,0,0,0,0,0,0,0,0,0,0,0,0,0,0,0,0,0,0,0,0,0,0,0,0,0,0,0,0,0,0,0,0,0,0,1
332,3,0,1308316790,8462,224,267,477754,0,0,4096,77824,4096,4096,1048576,483328,4096,4096,1048576,397312,16,0,4,0,1,0,6,0,4,0,0,2,1,2,6,0,0,0,0,0,0,1,0,0,0,0,0,0,0,0,0,0,0,0,0,0,0,0,0,0,0,0,0,0,0,0,0,0,0,0,0,0,0,0,0,1
332,4,0,1288625082,271,224,267,353147,0,0,4096,487424,4096,4096,1048576,913408,294912,4096,1048576,0,16,0,4,0,0,0,6,0,4,0,0,2,0,14,441,0,0,0,0,0,0,0,0,0,0,0,0,0,0,0,0,0,4,0,0,0,0,0,0,0,0,0,5,0,0,0,0,0,0,0,0,0,0,0,0,1
332,8,0,708992537,33166,224,267,97802,129750,0,4096,94208,1024,4096,1048576,139264,20480,16384,1048576,0,16,0,4,0,0,0,2,25,4,0,0,2,0,16,227,0,0,0,0,0,0,0,0,0,0,0,0,0,0,0,0,0,0,0,0,0,0,0,0,0,0,0,0,0,0,0,0,0,0,0,0,0,0,0,0,1
332,6,0,1198851095,271,224,267,73771,66121,0,4096,28672,1024,4096,1048576,86016,2560,4096,1048576,0,16,0,4,0,0,0,6,0,4,0,0,2,1,1,3,0,0,0,0,0,0,0,0,0,0,0,0,0,0,0,0,0,0,0,0,0,0,0,0,0,0,0,0,0,0,0,0,0,0,0,0,0,0,0,0,1
332,2,0,929138721,271,224,267,5166,0,0,4096,2048,1024,4096,1048576,380928,372736,4096,1048576,0,16,0,4,0,0,0,6,0,4,0,0,2,0,3,26,0,0,0,0,0,0,0,0,0,0,0,0,0,0,0,0,0,0,0,0,0,0,0,0,0,0,0,0,0,0,0,0,0,0,0,0,0,0,0,0,1
332,6,0,8,258,224,267,16867,0,32768,4096,16384,1024,4096,1048576,73728,12288,4096,1048576,0,16,0,5,0,0,0,9,0,5,0,0,2,0,1,19,0,0,0,0,0,0,0,0,0,0,0,0,0,0,0,0,0,0,0,0,0,0,0,0,0,0,0,0,0,0,0,0,0,0,0,0,0,0,0,0,1
332,5,0,1305967742,258,224,267,4940,81561,33088,4096,25600,1024,4096,1048576,77824,36352,4096,1048576,0,16,0,5,0,0,0,9,0,5,0,0,2,0,1,59,0,0,0,0,0,0,0,0,0,0,0,0,0,0,0,0,0,0,0,0,0,0,0,0,0,0,0,0,0,0,0,0,0,0,0,0,0,0,0,0,1
332,3,0,1333068983,271,224,267,4362,1164160,0,4096,1097728,4096,4096,1048576,1110016,8192,4096,1048576,0,16,0,4,0,1,0,6,0,4,0,0,2,0,1,21,0,0,0,0,0,0,3,0,0,0,0,0,0,0,0,0,0,0,0,0,0,0,0,0,0,0,0,0,0,0,0,0,0,0,0,0,0,0,0,0,1
332,8,0,708992537,33166,224,267,632302,778033,0,4096,628736,1024,4096,1048576,34328576,115712,16384,1048576,0,16,0,4,0,0,0,2,25,4,0,0,2,0,17,447,1,0,0,6,0,1,0,0,0,0,0,0,0,0,0,1,0,0,2,0,0,0,0,0,0,0,0,0,0,3,0,0,0,0,2,0,0,0,0,0,1
332,3,0,1297542026,271,224,267,6170,122864,0,4096,98304,4096,4096,1048576,110592,8192,4096,1048576,0,16,0,4,0,1,0,6,0,4,0,0,2,0,0,0,0,0,0,0,0,0,2,0,0,0,0,0,0,0,0,0,0,0,0,0,0,0,0,0,0,0,0,0,0,0,0,0,0,0,0,0,0,0,0,0,1
332,4,0,1306696341,259,224,267,65724,207407,0,4096,131072,4096,4096,1048576,208896,61440,4096,1048576,0,16,0,4,0,0,0,8,0,4,0,0,2,0,8,263,0,0,0,0,0,0,0,0,0,0,0,0,0,0,0,0,0,0,0,0,0,0,0,0,0,0,0,0,0,0,0,0,0,0,0,0,0,0,0,0,1
332,3,0,1136779820,258,224,267,1876442,0,33088,4096,1003520,4096,4096,1048576,1884160,4096,4096,1048576,872448,16,0,5,0,0,0,9,0,5,0,0,2,1,6,11,0,0,0,0,0,0,0,0,0,0,0,0,0,0,0,0,0,0,0,0,0,0,0,0,0,0,0,0,0,0,0,0,0,0,0,0,0,0,0,0,1
332,4,0,1133506980,262,224,267,26834,0,0,4096,96256,1024,4096,1048576,282624,70144,4096,1048576,0,16,0,4,0,0,0,9,0,5,1,0,2,0,7,47,0,0,0,0,0,0,0,0,0,0,0,0,0,0,0,0,0,0,0,0,0,0,0,0,0,0,0,0,0,0,0,0,0,0,0,0,0,0,0,0,1
332,3,0,1091599297,271,224,267,25734,189472,33792,4096,39424,1024,4096,1048576,143360,87552,4096,262144,0,16,0,5,1,5,1,7,10,4,0,0,2,0,6,134,0,0,0,0,0,0,0,0,0,0,0,0,0,0,0,0,0,0,0,0,0,0,0,0,0,0,0,0,0,0,0,0,0,0,0,0,0,0,0,0,1
332,3,0,1307150289,271,224,267,6234,766054,0,4096,450560,4096,4096,1048576,712704,253952,4096,1048576,0,16,0,4,0,1,0,6,0,4,0,0,2,0,1,104,0,0,0,0,0,0,2,0,0,0,0,0,0,0,0,0,0,0,0,0,0,0,0,0,0,0,0,0,0,0,0,0,0,0,0,0,0,0,0,0,1
332,4,0,1305033394,271,224,267,4138,0,0,4096,3584,4096,4096,1048576,1855488,8704,4096,1048576,0,16,0,4,0,0,0,8,0,4,0,0,2,0,4,52,0,0,0,0,0,0,0,0,0,0,0,0,0,0,0,0,0,0,0,0,0,0,0,0,0,0,0,0,0,0,0,0,0,0,0,0,0,0,0,0,1
332,6,0,1200256279,271,224,267,1736746,1299665,0,4096,9728,1024,4096,1048576,1740800,13824,4096,1048576,0,16,0,4,0,0,0,8,0,4,0,0,2,0,2,2,0,0,0,0,0,0,0,0,0,0,0,0,0,0,0,0,0,0,0,0,0,0,0,0,0,0,0,0,0,0,0,0,0,0,0,0,0,0,0,0,1
332,4,840695160,1377857448,271,224,267,16872,0,0,4096,131072,1024,8192,1204224,757760,647168,8192,1658880,516096,973530099,0,4,0,9,33,2,49,4,0,0,2,0,2,13,0,0,0,0,0,0,0,0,0,0,0,0,0,0,0,0,0,0,0,0,0,0,0,0,0,0,0,0,0,0,0,0,0,0,0,0,0,0,0,0,1
332,6,0,1307451654,271,224,267,2404395,0,0,4096,1015808,1024,4096,1048576,2514944,1015808,4096,1048576,0,16,0,4,0,0,0,6,0,4,0,0,2,1,19,21,0,0,0,0,0,0,0,0,0,0,0,0,0,0,0,0,0,0,0,0,0,0,0,0,0,0,0,0,0,0,0,0,0,0,0,0,0,0,0,0,1
332,5,0,1274602439,783,224,267,419244,951059,0,4096,675840,4096,4096,1048576,1122304,372736,4096,1048576,0,16,0,4,0,0,0,6,0,4,0,0,2,0,15,474,0,0,0,0,0,0,0,0,0,9,0,0,0,0,0,0,0,4,0,0,0,0,0,0,0,0,0,5,0,0,0,0,0,0,0,0,0,0,0,0,1
332,4,0,1305033394,271,224,267,4206,0,0,4096,641536,4096,4096,1048576,3678208,8704,4096,1048576,0,16,0,4,0,0,0,8,0,4,0,0,2,0,4,48,0,0,0,0,0,0,0,0,0,0,0,0,0,0,0,0,0,0,0,0,0,0,0,0,0,0,0,0,0,0,0,0,0,0,0,0,0,0,0,0,1
332,4,0,996363712,8450,224,267,5137,0,0,4096,57344,1024,4096,524288,77824,16384,28672,2097152,0,16,0,5,1,443,38176,7,10,5,0,0,2,0,12,122,0,0,0,0,0,0,0,0,0,0,0,0,0,0,0,0,0,0,0,0,0,0,0,0,0,0,0,0,0,0,0,0,0,0,0,0,0,0,0,0,1
332,3,0,1306015593,271,224,267,3497168,1309844,0,4096,0,4096,4096,1048576,4735144,1277952,4096,1048576,3448832,16,0,4,0,0,0,6,0,4,0,0,2,0,1,6,0,0,0,0,0,0,0,0,0,0,0,0,0,0,0,0,0,0,0,0,0,0,0,0,0,0,0,0,0,0,0,0,0,0,0,0,0,0,0,0,1
332,4,0,1241387867,271,224,267,8411,101288,0,4096,5120,1536,4096,1048576,57344,37888,4096,1048576,0,16,0,4,0,0,0,6,0,4,0,0,2,0,2,23,0,0,0,0,0,0,0,0,0,0,0,0,0,0,0,0,0,0,0,0,0,0,0,0,0,0,0,0,0,0,0,0,0,0,0,0,0,0,0,0,1
332,5,1652353896,2041390381,271,224,267,16197,0,0,4096,126976,1024,8192,1638400,688128,696320,8192,2097152,528384,1913628658,0,4,0,8,2,8,31,4,0,0,2,0,9,28,0,0,0,0,0,0,0,0,0,0,0,0,0,0,0,0,0,0,0,0,0,0,0,0,0,0,0,0,0,0,0,0,0,0,0,0,0,0,0,0,1
332,4,0,0,271,224,267,4374,0,0,4096,172032,4096,4096,1048576,487424,131072,4096,1048576,0,16,0,4,0,1,0,6,0,4,0,0,2,0,1,23,0,0,0,0,0,0,2,0,0,0,0,0,0,0,0,0,0,0,0,0,0,0,0,0,0,0,0,0,0,0,0,0,0,0,0,0,0,0,0,0,1
332,4,0,1299160825,271,224,267,5194,0,0,4096,1536,1024,4096,1048576,151552,134656,4096,1048576,0,16,0,4,0,0,0,6,0,4,0,0,2,0,5,48,0,0,0,0,0,0,0,0,0,0,0,0,0,0,0,0,0,0,0,0,0,0,0,0,0,0,0,0,0,0,0,0,0,0,0,0,0,0,0,0,1
332,6,0,1307950694,783,224,267,4410,71036,0,4096,23552,1024,4096,1048576,372736,334336,4096,2097152,22528,16,0,4,0,1,0,2,56,4,0,0,2,0,4,62,0,0,0,0,0,0,0,0,0,0,0,0,0,0,0,0,0,0,0,0,0,0,0,0,0,0,0,0,0,0,0,0,0,0,0,0,0,0,0,0,1
332,4,0,1282028149,271,224,267,352362,0,0,4096,487424,4096,4096,1048576,1011712,454656,4096,1048576,0,16,0,4,0,0,0,6,0,4,0,0,2,0,13,450,0,0,0,0,0,0,0,0,0,9,0,0,0,0,0,0,0,4,0,0,0,0,0,0,0,0,0,5,0,0,0,0,0,0,0,0,0,0,0,0,1
332,3,0,1270674413,271,224,267,192946,69073,0,4096,4096,512,4096,1048576,200704,4096,16384,1048576,0,16,0,4,0,0,0,15,2,4,0,0,2,0,1,4,0,0,0,0,0,0,0,0,0,0,0,0,0,0,0,0,0,0,0,0,0,0,0,0,0,0,0,0,0,0,0,0,0,0,0,0,0,0,0,0,1
332,7,0,1306003250,270,224,267,2421670,0,0,4096,520192,4096,4096,1048576,2732032,729088,4096,1048576,0,16,0,4,0,0,0,6,0,4,0,0,2,0,18,20,0,0,0,0,0,0,0,0,0,0,0,0,0,0,0,0,0,0,0,0,0,0,0,0,0,0,0,0,0,0,0,0,0,0,0,0,0,0,0,0,1
332,3,0,1307890279,271,224,267,1884426,0,0,4096,1241088,4096,4096,1048576,1961984,73728,4096,1048576,643072,16,0,4,0,0,0,6,0,4,0,0,2,1,16,21,0,0,0,0,0,0,0,0,0,0,0,0,0,0,0,0,0,0,0,0,0,0,0,0,0,0,0,0,0,0,0,0,0,0,0,0,0,0,0,0,1
332,2,0,1281631159,271,224,267,105614,51419,0,4096,90112,1024,4096,1048576,106496,8192,4096,1048576,0,16,0,4,0,1,0,6,0,4,0,0,2,0,1,4,0,0,0,0,0,0,0,0,0,0,0,0,0,0,0,0,0,0,0,0,0,0,0,0,0,0,0,0,0,0,0,0,0,0,0,0,0,0,0,0,1
332,4,0,1271784817,271,224,267,4634,162852,0,4096,323584,1536,4096,1048576,598016,81920,4096,1048576,0,16,0,4,0,1,0,6,0,4,0,0,2,0,1,4,0,0,0,0,0,0,0,0,0,0,0,0,0,0,0,0,0,0,0,0,0,0,0,0,0,0,0,0,0,0,0,0,0,0,0,0,0,0,0,0,1
332,4,0,1126204617,262,224,267,25346,0,0,4096,105472,1024,4096,1048576,438272,73216,4096,1048576,0,16,0,4,0,0,0,9,0,5,1,0,2,0,7,82,0,0,0,0,0,0,0,0,0,0,0,0,0,0,0,0,0,0,0,0,0,0,0,0,0,0,0,0,0,0,0,0,0,0,0,0,0,0,0,0,1
332,3,0,1306189735,41358,224,267,634074,0,0,4096,245760,4096,4096,1048576,638976,4096,0,0,385024,16,0,4,0,0,0,2,25,4,0,0,2,1,9,13,0,0,0,0,0,0,0,0,0,0,0,0,0,0,0,0,0,0,0,0,0,0,0,0,0,0,0,0,0,0,0,0,0,0,0,0,0,0,0,0,1
332,8,0,708992537,33167,224,267,630622,0,0,4096,627200,1024,4096,1048576,778240,104448,16384,1048576,0,16,0,4,0,0,0,2,25,4,0,0,2,0,22,527,4,0,4,6,0,3,0,0,0,0,0,0,0,0,0,4,0,0,4,0,0,0,0,0,0,0,0,0,0,3,0,0,0,0,3,0,0,0,0,0,1
332,4,0,1305033394,271,224,267,4138,0,0,4096,3072,4096,4096,1048576,1855488,8704,4096,1048576,0,16,0,4,0,0,0,8,0,4,0,0,2,0,4,50,0,0,0,0,0,0,0,0,0,0,0,0,0,0,0,0,0,0,0,0,0,0,0,0,0,0,0,0,0,0,0,0,0,0,0,0,0,0,0,0,1
332,5,0,1308118613,271,224,267,77866,195615,0,4096,77824,512,4096,1048576,147456,134144,16384,1048576,0,16,0,4,0,0,0,1,2,4,0,0,2,0,0,0,0,0,0,0,0,0,0,0,0,0,0,0,0,0,0,0,0,0,0,0,0,0,0,0,0,0,0,0,0,0,0,0,0,0,0,0,0,0,0,0,1
332,2,0,1277250911,271,224,267,97418,82856,0,4096,81920,1024,4096,1048576,98304,8192,4096,1048576,0,16,0,4,0,1,0,6,0,4,0,0,2,0,1,4,0,0,0,0,0,0,0,0,0,0,0,0,0,0,0,0,0,0,0,0,0,0,0,0,0,0,0,0,0,0,0,0,0,0,0,0,0,0,0,0,1
332,4,0,1308116840,271,224,267,6167,0,0,4096,16384,4096,4096,1048576,159744,139264,4096,1048576,0,16,0,4,0,0,0,6,0,4,0,0,2,0,1,50,0,0,0,0,0,0,0,0,0,0,0,0,0,0,0,0,0,0,0,0,0,0,0,0,0,0,0,0,0,0,0,0,0,0,0,0,0,0,0,0,1
332,4,0,1082442114,8450,224,267,5137,0,0,4096,61440,1024,32768,524288,81920,16384,28672,8388608,0,16,0,5,1,27065,56016,7,10,5,0,0,2,0,12,124,0,0,0,0,0,0,0,0,0,0,0,0,0,0,0,0,0,0,0,0,0,0,0,0,0,0,0,0,0,0,0,0,0,0,0,0,0,0,0,0,1
332,4,0,1126204617,262,224,267,25346,0,0,4096,111104,1024,4096,1048576,319488,79360,4096,1048576,0,16,0,4,0,0,0,9,0,5,1,0,2,0,7,82,0,0,0,0,0,0,0,0,0,0,0,0,0,0,0,0,0,0,0,0,0,0,0,0,0,0,0,0,0,0,0,0,0,0,0,0,0,0,0,0,1
332,7,0,1306049530,271,224,267,3381228,0,0,4096,3928064,4096,4096,1048576,3932160,1024000,4096,1048576,0,16,0,4,0,0,0,6,0,4,0,0,2,0,13,18,0,0,0,0,0,0,0,0,0,0,0,0,0,0,0,0,0,0,0,0,0,0,0,0,0,0,0,0,0,0,0,0,0,0,0,0,0,0,0,0,1
332,8,0,708992537,33167,224,267,4138,0,0,4096,41472,1024,4096,1048576,536576,49664,16384,1048576,0,16,0,4,0,0,0,2,25,4,0,0,2,0,254,256,0,0,0,0,0,3,0,0,0,0,0,0,0,0,0,0,0,0,0,0,0,0,0,0,0,0,0,0,0,0,0,0,0,193,0,0,251,0,0,0,1
332,3,1564823652,708992537,33167,224,267,748228,324703,0,4096,0,1024,4096,1048576,1021917,274432,16384,1048576,737280,10,0,4,0,0,0,2,25,4,0,0,2,0,18,23,0,0,0,0,0,0,0,0,0,0,0,0,0,0,0,0,0,0,0,0,0,0,0,0,0,0,0,0,0,0,0,0,0,0,0,0,0,0,0,0,1
332,3,0,1208111565,271,224,267,25734,1593547,33792,4096,39424,1024,4096,1048576,1605632,1550848,4096,262144,0,16,0,5,1,5,1,7,10,4,0,0,2,0,6,134,0,0,0,0,0,0,0,0,0,0,0,0,0,0,0,0,0,0,0,0,0,0,0,0,0,0,0,0,0,0,0,0,0,0,0,0,0,0,0,0,1
332,4,0,1126204617,262,224,267,25346,0,0,4096,105472,1024,4096,1048576,438272,73216,4096,1048576,0,16,0,4,0,0,0,9,0,5,1,0,2,0,6,114,0,0,0,0,0,0,0,0,0,0,0,0,0,0,0,0,0,0,0,0,0,0,0,0,0,0,0,0,0,0,0,0,0,0,0,0,0,0,0,0,1
332,5,0,1306367546,271,224,267,2836097,1762002,0,4096,0,4096,4096,1048576,2879488,0,4096,1048576,0,16,0,5,0,0,0,6,0,4,0,0,2,0,18,18,0,0,0,0,0,0,0,0,0,0,0,0,0,0,0,0,0,0,0,0,0,0,0,0,0,0,0,0,0,0,0,0,0,0,0,0,0,0,0,0,1
332,4,0,1198851095,271,224,267,36906,66121,0,4096,28672,1024,4096,1048576,73728,2560,4096,1048576,0,16,0,4,0,0,0,6,0,4,0,0,2,0,1,17,0,0,0,0,0,0,0,0,0,0,0,0,0,0,0,0,0,0,0,0,0,0,0,0,0,0,0,0,0,0,0,0,0,0,0,0,0,0,0,0,1
332,6,0,1301998356,783,224,267,4778,0,0,4096,14848,1024,4096,1048576,77824,6144,4096,1048576,37376,16,0,4,0,1,0,2,56,4,0,0,2,0,4,59,0,0,0,0,0,0,0,0,0,0,0,0,0,0,0,0,0,0,0,0,0,0,0,0,0,0,0,0,0,0,0,0,0,0,0,0,0,0,0,0,1
332,4,0,1293523025,783,224,267,73778,169637,34112,8192,124416,512,4096,1048576,188416,124928,4096,1048576,8192,16,0,4,0,0,0,6,0,4,0,0,2,0,4,4,0,0,0,0,0,0,0,0,0,0,0,0,0,0,0,0,0,0,0,0,0,0,0,0,0,0,0,0,0,0,0,0,0,0,0,0,0,0,0,0,1
332,4,0,1305033394,271,224,267,4138,0,0,4096,3584,4096,4096,1048576,1855488,8704,4096,1048576,0,16,0,4,0,0,0,8,0,4,0,0,2,0,4,52,0,0,0,0,0,0,0,0,0,0,0,0,0,0,0,0,0,0,0,0,0,0,0,0,0,0,0,0,0,0,0,0,0,0,0,0,0,0,0,0,1
332,5,0,708992537,33167,224,267,2501587,2142660,0,4096,0,1024,4096,1048576,2535424,0,16384,1048576,0,16,0,5,0,0,0,2,25,4,0,0,2,0,27,27,0,0,0,0,0,0,0,0,0,0,0,0,0,0,0,0,0,0,0,0,0,0,0,0,0,0,0,0,0,0,0,0,0,0,0,0,0,0,0,0,1
332,4,0,1305768300,8462,224,267,51949,0,0,4096,89600,1024,4096,1048576,110592,6656,4096,1048576,0,16,0,4,0,0,0,6,0,4,0,0,2,0,15,283,0,0,0,0,0,0,0,0,0,0,0,0,0,0,0,0,0,0,0,0,0,0,0,0,0,0,0,0,0,0,0,0,0,0,0,0,0,0,0,0,1
332,6,0,1304520166,270,224,267,47770,0,0,4096,54272,1024,4096,1048576,106496,39936,4096,1048576,0,16,0,4,0,0,0,6,0,4,0,0,2,0,0,0,0,0,0,0,0,0,0,0,0,0,0,0,0,0,0,0,0,0,0,0,0,0,0,0,0,0,0,0,0,0,0,0,0,0,0,0,0,0,0,0,1
332,7,0,1308266035,271,224,267,1126442,1164630,0,4096,24576,4096,4096,1048576,1486848,368640,4096,1048576,0,16,0,4,0,8,8,6,0,4,0,0,2,0,1,3,0,0,0,0,0,0,0,0,0,0,0,0,0,0,0,0,0,0,0,0,0,0,0,0,0,0,0,0,0,0,0,0,0,0,0,0,0,0,0,0,1
332,6,0,1301998356,783,224,267,4778,0,0,4096,14848,1024,4096,1048576,77824,7680,4096,1048576,38400,16,0,4,0,1,0,2,56,4,0,0,2,0,4,59,0,0,0,0,0,0,0,0,0,0,0,0,0,0,0,0,0,0,0,0,0,0,0,0,0,0,0,0,0,0,0,0,0,0,0,0,0,0,0,0,1
332,6,0,1308693349,783,224,267,4778,0,0,4096,15872,1024,4096,1048576,77824,6656,4096,1048576,37888,16,0,4,0,1,0,2,56,4,0,0,2,0,4,73,0,0,0,0,0,0,0,0,0,0,0,0,0,0,0,0,0,0,0,0,0,0,0,0,0,0,0,0,0,0,0,0,0,0,0,0,0,0,0,0,1
332,5,0,1308431508,271,224,267,581693,653736,0,4096,20480,4096,4096,1048576,593920,8192,4096,1048576,0,16,0,5,0,3,1,6,0,5,0,0,2,0,5,125,0,0,0,0,0,0,3,0,0,0,0,0,0,0,0,0,0,0,0,0,0,0,0,0,0,0,0,0,0,0,0,0,0,0,0,0,0,0,0,0,1
332,3,0,1304483383,271,224,267,6130,74313,0,4096,53248,4096,4096,1048576,69632,12288,4096,1048576,0,16,0,4,0,1,0,6,0,4,0,0,2,0,1,116,0,0,0,0,0,0,2,0,0,0,0,0,0,0,0,0,0,0,0,0,0,0,0,0,0,0,0,0,0,0,0,0,0,0,0,0,0,0,0,0,1
332,4,0,1305033394,271,224,267,4138,0,0,4096,3072,4096,4096,1048576,868352,29696,4096,1048576,0,16,0,4,0,0,0,8,0,4,0,0,2,0,4,50,0,0,0,0,0,0,0,0,0,0,0,0,0,0,0,0,0,0,0,0,0,0,0,0,0,0,0,0,0,0,0,0,0,0,0,0,0,0,0,0,1
332,3,0,1208111565,782,224,267,4142,269452,33792,4096,479232,1024,4096,1048576,520192,36864,4096,262144,0,16,0,5,1,5,1,9,108,4,0,0,2,0,3,28,0,0,0,0,0,0,0,0,0,0,0,0,0,0,0,0,0,0,0,0,0,0,0,0,0,0,0,0,0,0,0,0,0,0,0,0,0,0,0,0,1
332,4,0,1300631257,271,224,267,184758,680263,0,4096,331776,4096,4096,1048576,851968,311296,4096,1048576,0,16,0,4,0,0,0,6,0,4,0,0,2,0,14,435,0,0,0,0,0,0,0,0,0,9,0,0,0,0,0,0,0,0,0,0,0,0,0,0,0,0,0,0,0,0,0,0,0,0,0,0,0,0,0,0,1
332,2,0,1295120085,271,224,267,11070,0,0,4096,77824,512,4096,1048576,102400,8192,4096,1048576,0,16,0,4,0,1,0,2,0,4,0,0,2,0,1,131,0,0,0,0,0,0,1,0,0,0,0,0,0,0,0,0,0,0,0,0,0,0,0,0,0,0,0,0,0,0,0,0,0,0,0,0,0,0,0,0,1
332,11,0,0,271,224,267,475192,193496,0,4096,32768,1024,4096,1048576,512000,73728,4096,1048576,0,16,0,4,0,1,0,6,0,4,0,0,2,0,5,7,0,0,0,0,0,0,2,0,0,0,0,0,0,0,0,0,0,0,0,0,0,0,0,0,0,0,0,0,0,0,0,0,0,0,0,0,0,0,0,0,1
332,4,0,1294980852,271,224,267,4138,62490,0,4096,2560,1024,4096,1048576,57344,40448,4096,1048576,0,16,0,4,0,0,0,5,12,4,0,0,2,0,3,32,0,0,0,0,0,0,0,0,0,0,0,0,0,0,0,0,0,0,0,0,0,0,0,0,0,0,0,0,0,0,0,0,0,0,0,0,0,0,0,0,1
332,5,0,1308181512,258,224,267,4906,76486,33088,4096,25600,1024,4096,1048576,69632,28160,4096,1048576,0,16,0,5,0,0,0,9,0,5,0,0,2,0,2,63,0,0,0,0,0,0,0,0,0,0,0,0,0,0,0,0,0,0,0,0,0,0,0,0,0,0,0,0,0,0,0,0,0,0,0,0,0,0,0,0,1
332,4,0,1127641964,262,224,267,27810,0,0,4096,98304,1024,4096,1048576,282624,73728,4096,1048576,0,16,0,4,0,0,0,9,0,5,1,0,2,0,3,46,0,0,0,0,0,0,0,0,0,0,0,0,0,0,0,0,0,0,0,0,0,0,0,0,0,0,0,0,0,0,0,0,0,0,0,0,0,0,0,0,1
332,4,0,1299837941,271,224,267,284785,0,0,4096,405504,4096,4096,1048576,679936,180224,4096,1048576,0,16,0,4,0,0,0,6,0,4,0,0,2,0,12,417,0,0,0,0,0,0,0,0,0,0,0,0,0,0,0,0,0,4,0,0,0,0,0,0,0,0,0,5,0,0,0,0,0,0,0,0,0,0,0,0,1
332,3,0,1198851095,783,224,267,45106,103688,0,4096,144384,1024,4096,1048576,155648,74752,4096,1048576,0,16,0,4,0,0,0,6,0,4,0,0,2,0,4,4,0,0,0,0,0,0,0,0,0,0,0,0,0,0,0,0,0,0,0,0,0,0,0,0,0,0,0,0,0,0,0,0,0,0,0,0,0,0,0,0,1
332,3,0,1273053247,259,224,267,4821608,710514,0,4096,0,4096,4096,1048576,5476352,659456,4096,1048576,4808704,16,0,4,0,0,0,8,0,4,0,0,2,0,13,18,0,0,0,0,0,0,0,0,0,0,0,0,0,0,0,0,0,0,0,0,0,0,0,0,0,0,0,0,0,0,0,0,0,0,0,0,0,0,0,0,1
332,3,0,1308596798,271,224,267,41002,71267,0,4096,4096,512,4096,1048576,74716,4096,16384,1048576,0,16,0,4,0,0,0,1,2,4,0,0,2,0,1,3,0,0,0,0,0,0,0,0,0,0,0,0,0,0,0,0,0,0,0,0,0,0,0,0,0,0,0,0,0,0,0,0,0,0,0,0,0,0,0,0,1
332,13,0,1123674043,271,224,267,598058,275934,0,4096,188416,1024,4096,1048576,679936,8192,4096,1048576,393216,16,0,4,0,0,0,6,0,4,0,0,2,0,1,21,0,0,0,0,0,0,0,0,0,0,0,0,0,0,0,0,0,0,0,0,0,0,0,0,0,0,0,0,0,0,0,0,0,0,0,0,0,0,0,0,1
332,5,0,1282112211,271,224,267,41002,89738,0,4096,4096,1024,4096,1048576,86016,4096,16384,1048576,0,16,0,4,0,0,0,1,2,4,0,0,2,1,1,3,0,0,0,0,0,0,0,0,0,0,0,0,0,0,0,0,0,0,0,0,0,0,0,0,0,0,0,0,0,0,0,0,0,0,0,0,0,0,0,0,1
332,4,0,1198851095,271,224,267,36906,142585,0,4096,89600,512,4096,1048576,98304,0,4096,1048576,0,16,0,4,0,0,0,6,0,4,0,0,2,0,1,17,0,0,0,0,0,0,0,0,0,0,0,0,0,0,0,0,0,0,0,0,0,0,0,0,0,0,0,0,0,0,0,0,0,0,0,0,0,0,0,0,1
332,8,0,708992537,33166,224,267,74414,0,0,4096,381440,1024,4096,1048576,487424,73216,16384,1048576,0,16,0,4,0,0,0,2,25,4,0,0,2,0,14,430,4,0,4,6,0,2,0,0,0,0,0,0,0,0,0,4,0,0,2,0,0,0,0,0,0,0,0,0,0,4,0,0,0,0,2,0,0,0,0,0,1
332,5,0,1299160825,271,224,267,5194,0,0,4096,1536,1024,4096,1048576,155648,134656,4096,1048576,0,16,0,4,0,0,0,6,0,4,0,0,2,0,5,48,0,0,0,0,0,0,0,0,0,0,0,0,0,0,0,0,0,0,0,0,0,0,0,0,0,0,0,0,0,0,0,0,0,0,0,0,0,0,0,0,1
332,4,0,1307585469,8462,224,267,6714,0,0,4096,24576,4096,4096,1048576,65536,36864,4096,1048576,0,16,0,4,0,0,0,6,0,4,0,0,2,0,10,134,0,0,0,0,0,0,0,0,0,0,0,0,0,0,0,0,0,0,0,0,0,0,0,0,0,0,0,0,0,0,0,0,0,0,0,0,0,0,0,0,1
332,6,0,17,258,224,267,16841,0,32768,4096,16384,1024,4096,1048576,16838656,36864,4096,1048576,0,16,0,5,0,0,0,9,0,5,0,0,2,0,1,21,0,0,0,0,0,0,0,0,0,0,0,0,0,0,0,0,0,0,0,0,0,0,0,0,0,0,0,0,0,0,0,0,0,0,0,0,0,0,0,0,1
332,4,0,1127273867,262,224,267,27026,237300,0,4096,96256,1024,4096,1048576,278528,72192,4096,1048576,100002,16,0,4,0,0,0,9,0,5,1,0,2,0,3,42,0,0,0,0,0,0,0,0,0,0,0,0,0,0,0,0,0,0,0,0,0,0,0,0,0,0,0,0,0,0,0,0,0,0,0,0,0,0,0,0,1
332,5,0,1307440573,258,224,267,4768,115036,33088,4096,25600,1024,4096,1048576,77824,36352,4096,1048576,0,16,0,5,0,0,0,9,0,5,0,0,2,0,2,61,0,0,0,0,0,0,0,0,0,0,0,0,0,0,0,0,0,0,0,0,0,0,0,0,0,0,0,0,0,0,0,0,0,0,0,0,0,0,0,0,1
332,2,0,1304772361,8462,224,267,215284,0,0,4096,0,512,4096,1048576,217373,0,4096,1048576,0,16,0,4,0,0,0,5,12,4,0,0,3,0,1,5,0,0,0,0,0,0,0,0,0,0,0,0,0,0,0,0,0,0,0,0,0,0,0,0,0,0,0,0,0,0,0,0,0,0,0,0,0,0,0,0,1
332,2,0,1198851095,271,224,267,31923,66121,0,4096,28672,1024,4096,1048576,36864,2560,4096,1048576,0,16,0,4,0,0,0,6,16,4,0,0,2,0,2,9,0,0,0,0,0,0,0,0,0,0,0,0,0,0,0,0,0,0,0,0,0,0,0,0,0,0,0,0,0,0,0,0,0,0,0,0,0,0,0,0,1
332,4,0,1306228392,8462,224,267,41021,0,0,512,80896,1024,4096,1048576,88064,6144,4096,1048576,0,16,0,4,0,0,0,6,0,4,0,0,2,0,15,265,0,0,0,0,0,0,0,0,0,0,0,0,0,0,0,0,0,0,0,0,0,0,0,0,0,0,0,0,0,0,0,0,0,0,0,0,0,0,0,0,1
332,3,0,1307364359,271,224,267,3621908,1790911,0,4096,0,4096,4096,1048576,5361664,1710302,4096,1048576,3616768,16,0,4,0,0,0,6,0,4,0,0,2,0,13,18,0,0,0,0,0,0,0,0,0,0,0,0,0,0,0,0,0,0,0,0,0,0,0,0,0,0,0,0,0,0,0,0,0,0,0,0,0,0,0,0,1
332,4,0,1126235913,262,224,267,27026,0,0,4096,94208,1024,4096,1048576,438272,76800,4096,1048576,0,16,0,4,0,0,0,9,0,5,1,0,2,0,10,219,0,0,0,0,0,0,0,0,0,0,0,0,0,0,0,0,0,0,0,0,0,0,0,0,0,0,0,0,0,0,0,0,0,0,0,0,0,0,0,0,1
332,8,0,708992537,33167,224,267,630622,0,0,4096,627200,1024,4096,1048576,778240,66560,16384,1048576,0,16,0,4,0,0,0,2,25,4,0,0,2,0,22,527,4,0,4,6,0,3,0,0,0,0,0,0,0,0,0,4,0,0,4,0,0,0,0,0,0,0,0,0,0,3,0,0,0,0,3,0,0,0,0,0,1
332,4,0,1305033394,271,224,267,4138,0,0,4096,3072,4096,4096,1048576,839680,13824,4096,1048576,0,16,0,4,0,0,0,8,0,4,0,0,2,0,4,50,0,0,0,0,0,0,0,0,0,0,0,0,0,0,0,0,0,0,0,0,0,0,0,0,0,0,0,0,0,0,0,0,0,0,0,0,0,0,0,0,1
332,4,0,1305033394,271,224,267,4202,0,0,4096,641536,4096,4096,1048576,3678208,8704,4096,1048576,0,16,0,4,0,0,0,8,0,4,0,0,2,0,4,48,0,0,0,0,0,0,0,0,0,0,0,0,0,0,0,0,0,0,0,0,0,0,0,0,0,0,0,0,0,0,0,0,0,0,0,0,0,0,0,0,1
332,5,1564823652,1198851095,271,224,267,73786,237477,0,4096,35840,512,4096,1048576,81920,2560,4096,1048576,0,16,0,4,0,0,0,6,0,4,0,0,2,0,1,17,0,0,0,0,0,0,0,0,0,0,0,0,0,0,0,0,0,0,0,0,0,0,0,0,0,0,0,0,0,0,0,0,0,0,0,0,0,0,0,0,1
332,2,0,1175430716,271,224,267,31351,95260,0,4096,28160,512,4096,1048576,73728,1024,4096,1048576,0,16,0,4,0,0,0,6,0,4,0,0,2,0,1,8,0,0,0,0,0,0,0,0,0,0,0,0,0,0,0,0,0,0,0,0,0,0,0,0,0,0,0,0,0,0,0,0,0,0,0,0,0,0,0,0,1
332,4,0,1305033394,271,224,267,4138,0,0,4096,3072,4096,4096,1048576,888832,37888,4096,1048576,0,16,0,4,0,0,0,8,0,4,0,0,2,0,4,50,0,0,0,0,0,0,0,0,0,0,0,0,0,0,0,0,0,0,0,0,0,0,0,0,0,0,0,0,0,0,0,0,0,0,0,0,0,0,0,0,1
332,4,0,1304420510,271,224,267,2107618,0,0,4096,2260992,4096,4096,1048576,3366912,1101824,4096,1048576,0,16,0,4,0,0,0,6,0,4,0,0,2,0,15,472,0,0,0,0,0,0,0,0,0,0,0,0,0,0,0,0,0,4,0,0,0,0,0,0,0,0,0,5,0,0,0,0,0,0,0,0,0,0,0,0,1
332,5,1564823652,1303782085,271,224,267,102442,76369,0,4096,20480,512,4096,1048576,110592,4096,4096,1048576,57344,16,0,4,0,4,5,6,0,4,0,0,2,0,1,21,0,0,0,0,0,0,2,0,0,0,0,0,0,0,0,0,0,0,0,0,0,0,0,0,0,0,0,0,0,0,0,0,0,0,0,0,0,0,0,0,1
332,4,0,1126204617,262,224,267,25346,0,0,4096,107520,1024,4096,1048576,450560,75776,4096,1048576,0,16,0,4,0,0,0,9,0,5,1,0,2,0,7,82,0,0,0,0,0,0,0,0,0,0,0,0,0,0,0,0,0,0,0,0,0,0,0,0,0,0,0,0,0,0,0,0,0,0,0,0,0,0,0,0,1
332,6,0,1299160825,271,224,267,151594,0,0,4096,79360,1024,4096,1048576,229376,212480,4096,1048576,0,16,0,4,0,0,0,6,0,4,0,0,2,0,5,48,0,0,0,0,0,0,0,0,0,0,0,0,0,0,0,0,0,0,0,0,0,0,0,0,0,0,0,0,0,0,0,0,0,0,0,0,0,0,0,0,1
332,4,0,1198851095,271,224,267,36906,99118,0,4096,28672,512,4096,1048576,94208,23552,4096,1048576,0,16,0,4,0,0,0,6,0,4,0,0,2,0,1,17,0,0,0,0,0,0,0,0,0,0,0,0,0,0,0,0,0,0,0,0,0,0,0,0,0,0,0,0,0,0,0,0,0,0,0,0,0,0,0,0,1
332,4,0,1306524123,271,224,267,411625,0,0,4096,548864,4096,4096,1048576,3014656,2256896,4096,1048576,0,16,0,4,0,0,0,6,0,4,0,0,2,0,14,473,0,0,0,0,12,0,0,0,0,9,0,0,0,0,0,0,0,8,0,0,0,0,0,0,0,0,0,10,0,0,0,0,0,0,0,0,0,0,0,0,1
332,4,0,1198851095,271,224,267,36906,66121,0,4096,28672,512,4096,1048576,73728,2560,4096,1048576,0,16,0,4,0,0,0,6,0,4,0,0,2,0,1,17,0,0,0,0,0,0,0,0,0,0,0,0,0,0,0,0,0,0,0,0,0,0,0,0,0,0,0,0,0,0,0,0,0,0,0,0,0,0,0,0,1
332,6,0,0,258,224,267,16867,0,32768,4096,16384,1024,4096,1048576,73728,12288,4096,1048576,0,16,0,5,0,0,0,9,0,5,0,0,2,0,1,19,0,0,0,0,0,0,0,0,0,0,0,0,0,0,0,0,0,0,0,0,0,0,0,0,0,0,0,0,0,0,0,0,0,0,0,0,0,0,0,0,1
332,5,0,0,271,224,267,2136538,0,0,4096,18432,4096,4096,1048576,4448256,0,4096,1048576,0,16,0,4,0,0,0,6,0,4,0,0,2,0,6,73,0,0,0,0,0,0,0,0,0,0,0,0,0,0,0,0,0,0,0,0,0,0,0,0,0,0,0,0,0,0,0,0,0,0,0,0,0,0,0,0,1
332,4,0,1305033394,271,224,267,4138,0,0,4096,3584,4096,4096,1048576,1855488,8704,4096,1048576,0,16,0,4,0,0,0,8,0,4,0,0,2,0,4,52,0,0,0,0,0,0,0,0,0,0,0,0,0,0,0,0,0,0,0,0,0,0,0,0,0,0,0,0,0,0,0,0,0,0,0,0,0,0,0,0,1
332,8,0,1179739674,8974,224,267,450603,0,0,4096,368640,1536,4096,1048576,462848,24576,4096,1048576,0,16,0,4,0,0,0,6,0,4,0,0,2,1,3,5,0,0,0,0,0,0,0,0,0,0,0,0,0,0,0,0,0,0,0,0,0,0,0,0,0,0,0,0,0,0,0,0,0,0,0,0,0,0,0,0,1
332,3,0,1091599297,271,224,267,25734,805612,33792,4096,39424,1024,4096,1048576,811008,757248,4096,262144,0,16,0,5,1,5,1,7,10,4,0,0,2,0,6,134,0,0,0,0,0,0,0,0,0,0,0,0,0,0,0,0,0,0,0,0,0,0,0,0,0,0,0,0,0,0,0,0,0,0,0,0,0,0,0,0,1
332,5,0,1198851095,783,224,267,81970,143228,0,4096,154112,1024,4096,1048576,192512,77824,4096,1048576,0,16,0,4,0,0,0,6,0,4,0,0,2,0,4,4,0,0,0,0,0,0,0,0,0,0,0,0,0,0,0,0,0,0,0,0,0,0,0,0,0,0,0,0,0,0,0,0,0,0,0,0,0,0,0,0,1
332,5,0,1306047918,8462,224,267,462126,0,0,4096,598016,4096,4096,1048576,1011712,344064,4096,1048576,0,16,0,4,0,0,0,6,0,4,0,0,2,0,13,458,0,0,0,0,12,0,0,0,0,9,0,0,0,0,0,0,0,4,0,0,0,0,0,0,0,0,0,5,0,0,0,0,0,0,0,0,0,0,0,0,1
332,4,129079353,1071826598,271,224,267,17119,0,0,4096,126976,1024,8192,1642496,659456,647168,8192,1323008,520192,1236432464,0,4,0,2,35,5,55,4,0,0,2,0,2,16,0,0,0,0,0,0,1,0,0,0,0,0,0,0,0,0,0,0,0,0,0,0,0,0,0,0,0,0,0,0,0,0,0,0,0,0,0,0,0,0,1
332,3,0,1251564676,271,224,267,7206,0,0,4096,40960,4096,4096,1048576,151552,28672,4096,1048576,77824,16,0,4,0,1,0,6,0,4,0,0,2,1,1,159,0,0,0,0,0,0,1,0,0,0,0,0,0,0,0,0,0,0,0,0,0,0,0,0,0,0,0,0,0,0,0,0,0,0,0,0,0,0,0,0,1
332,4,0,1306251491,271,224,267,376183,0,0,4096,499712,4096,4096,1048576,786432,217088,4096,1048576,0,16,0,4,0,0,0,6,0,4,0,0,2,0,12,411,0,0,0,0,6,0,0,0,0,0,0,0,0,0,0,0,0,4,0,0,0,0,0,0,0,0,0,5,0,0,0,0,0,0,0,0,0,0,0,0,1
332,2,0,1198851095,271,224,267,4138,112235,0,4096,28672,1024,4096,1048576,98304,2560,4096,1048576,0,16,0,4,0,0,0,6,0,4,0,0,2,0,1,4,0,0,0,0,0,0,0,0,0,0,0,0,0,0,0,0,0,0,0,0,0,0,0,0,0,0,0,0,0,0,0,0,0,0,0,0,0,0,0,0,1
332,4,0,1285814330,259,224,267,204298,4131972,0,4096,299008,4096,4096,1048576,4280320,3780608,4096,1048576,0,16,0,4,0,0,0,8,0,4,0,0,2,0,16,399,0,0,0,0,0,0,0,0,0,9,0,0,0,0,0,0,0,0,0,0,0,0,0,0,0,0,0,2,0,0,0,0,0,0,0,0,0,0,0,0,1
332,2,0,1198851095,271,224,267,31923,197140,0,4096,28672,512,4096,1048576,170336,138240,4096,1048576,0,16,0,4,0,0,0,6,0,4,0,0,2,0,2,9,0,0,0,0,0,0,0,0,0,0,0,0,0,0,0,0,0,0,0,0,0,0,0,0,0,0,0,0,0,0,0,0,0,0,0,0,0,0,0,0,1
332,4,0,1304929650,271,224,267,600927,0,0,4096,843776,4096,4096,1048576,2256896,1073152,4096,1048576,0,16,0,4,0,0,0,6,0,4,0,0,2,0,16,527,0,0,0,0,0,0,0,0,0,9,0,0,0,0,0,0,0,4,0,0,0,0,1,0,0,0,0,5,0,0,0,0,0,0,0,0,0,0,0,0,1
332,4,0,1131794505,262,224,267,24786,0,0,4096,99328,1024,4096,1048576,319488,82432,4096,1048576,0,16,0,4,0,0,0,9,0,5,1,0,2,0,7,47,0,0,0,0,0,0,0,0,0,0,0,0,0,0,0,0,0,0,0,0,0,0,0,0,0,0,0,0,0,0,0,0,0,0,0,0,0,0,0,0,1
332,5,0,1307563040,258,224,267,4768,63517,33088,4096,25600,1024,4096,1048576,77824,36352,4096,1048576,0,16,0,5,0,0,0,9,0,5,0,0,2,0,2,61,0,0,0,0,0,0,0,0,0,0,0,0,0,0,0,0,0,0,0,0,0,0,0,0,0,0,0,0,0,0,0,0,0,0,0,0,0,0,0,0,1
332,8,0,708992537,33166,224,267,332242,0,0,4096,328192,1024,4096,1048576,417792,59392,16384,1048576,0,16,0,4,0,0,0,2,25,4,0,0,2,0,15,388,0,0,1,6,0,1,0,0,0,0,0,0,0,0,0,1,0,0,2,0,0,0,0,0,0,0,0,0,0,3,0,0,0,0,3,0,0,0,0,0,1
332,4,0,1198851095,271,224,267,36906,66121,0,4096,28672,1024,4096,1048576,73728,2560,4096,1048576,0,16,0,4,0,0,0,6,0,4,0,0,2,0,1,17,0,0,0,0,0,0,0,0,0,0,0,0,0,0,0,0,0,0,0,0,0,0,0,0,0,0,0,0,0,0,0,0,0,0,0,0,0,0,0,0,1
332,5,0,1198851095,783,224,267,81970,166191,0,4096,152064,1024,4096,1048576,192512,75776,4096,1048576,0,16,0,4,0,0,0,6,0,4,0,0,2,0,4,4,0,0,0,0,0,0,0,0,0,0,0,0,0,0,0,0,0,0,0,0,0,0,0,0,0,0,0,0,0,0,0,0,0,0,0,0,0,0,0,0,1
332,3,0,1274777585,271,224,267,370106,0,0,4096,512000,4096,4096,1048576,954368,12288,4096,1048576,425984,16,0,4,0,0,0,6,0,4,0,0,2,0,13,456,0,0,0,0,0,0,0,0,0,9,0,0,0,0,0,0,0,4,0,0,0,0,0,0,0,0,0,7,0,0,0,0,0,0,0,0,0,0,0,0,1
332,6,0,1305081319,783,224,267,4778,0,0,4096,16384,1024,4096,1048576,73728,8192,4096,1048576,36352,16,0,4,0,1,0,2,56,4,0,0,2,0,4,76,0,0,0,0,0,0,0,0,0,0,0,0,0,0,0,0,0,0,0,0,0,0,0,0,0,0,0,0,0,0,0,0,0,0,0,0,0,0,0,0,1
332,5,0,1308154438,8462,224,267,73645,0,0,4096,71168,1024,4096,1048576,118784,32768,4096,1048576,0,16,0,4,0,0,0,6,0,4,0,0,2,0,17,314,0,0,0,0,0,0,0,0,0,0,0,0,0,0,0,0,0,0,0,0,0,0,0,0,0,0,0,0,0,0,0,0,0,0,0,0,0,0,0,0,1
332,3,0,1307590086,8462,224,267,477994,0,0,4096,77824,4096,4096,1048576,483328,4096,4096,1048576,397312,16,0,4,0,51,2600,6,0,4,0,0,2,1,2,6,0,0,0,0,0,0,1,0,0,0,0,0,0,0,0,0,0,0,0,0,0,0,0,0,0,0,0,0,0,0,0,0,0,0,0,0,0,0,0,0,1
332,3,0,708992537,41358,224,267,485770,0,1,4096,176128,4096,4096,1048576,495616,8192,0,0,307200,16,0,4,0,0,0,2,25,4,0,0,2,1,8,9,0,0,0,0,0,0,0,0,0,0,0,0,0,0,0,0,0,0,0,0,0,0,0,0,0,0,0,0,0,1,0,0,0,0,0,0,0,0,0,0,1
332,4,0,1306531810,271,224,267,359991,0,0,4096,483328,4096,4096,1048576,2007040,1343488,4096,1048576,0,16,0,4,0,0,0,6,0,4,0,0,2,0,12,431,0,0,0,0,6,0,0,0,0,0,0,0,0,0,0,0,0,8,0,0,0,0,0,0,0,0,0,10,0,0,0,0,0,0,0,0,0,0,0,0,1
332,7,0,1267471165,271,224,267,5387,136528,0,4096,0,4096,4096,1048576,77824,70144,4096,1048576,0,16,0,4,0,1,1,6,0,4,0,0,2,0,1,38,0,0,0,0,0,0,4,0,0,0,0,0,0,0,0,0,0,0,0,0,0,0,0,0,0,0,0,0,0,0,0,0,0,0,0,0,0,0,0,0,1
332,4,0,1131362545,262,224,267,25074,0,0,4096,97792,1024,4096,1048576,282624,68608,4096,1048576,0,16,0,4,0,0,0,9,0,5,1,0,2,0,7,47,0,0,0,0,0,0,0,0,0,0,0,0,0,0,0,0,0,0,0,0,0,0,0,0,0,0,0,0,0,0,0,0,0,0,0,0,0,0,0,0,1
332,3,0,1307570092,8462,224,267,478154,0,0,4096,77824,4096,4096,1048576,483328,4096,4096,1048576,397312,16,0,4,0,51,2600,6,0,4,0,0,2,1,2,6,0,0,0,0,0,0,1,0,0,0,0,0,0,0,0,0,0,0,0,0,0,0,0,0,0,0,0,0,0,0,0,0,0,0,0,0,0,0,0,0,1
332,4,0,1126204617,262,224,267,25346,0,0,4096,105472,1024,4096,1048576,438272,73216,4096,1048576,0,16,0,4,0,0,0,9,0,5,1,0,2,0,7,82,0,0,0,0,0,0,0,0,0,0,0,0,0,0,0,0,0,0,0,0,0,0,0,0,0,0,0,0,0,0,0,0,0,0,0,0,0,0,0,0,1
332,4,0,1305033394,271,224,267,4190,0,0,4096,641536,4096,4096,1048576,3678208,8704,4096,1048576,0,16,0,4,0,0,0,8,0,4,0,0,2,0,4,48,0,0,0,0,0,0,0,0,0,0,0,0,0,0,0,0,0,0,0,0,0,0,0,0,0,0,0,0,0,0,0,0,0,0,0,0,0,0,0,0,1
332,4,0,1308506706,271,224,267,403567,0,0,4096,544768,4096,4096,1048576,2002944,1314816,4096,1048576,0,16,0,4,0,0,0,6,0,4,0,0,2,0,15,486,0,0,0,0,12,0,0,0,0,9,0,0,0,0,0,0,0,8,0,0,0,0,0,0,0,0,0,10,0,0,0,0,0,0,0,0,0,0,0,0,1
332,4,0,1210626004,259,224,267,46208,127167,0,4096,94208,1024,4096,1048576,155648,41984,4096,1048576,0,16,0,4,0,5,5,8,0,4,0,0,2,0,7,153,0,0,0,0,0,0,0,0,0,0,0,0,0,0,0,0,0,0,0,0,0,0,0,0,0,0,0,0,0,0,0,0,0,0,0,0,0,0,0,0,1
332,8,0,1287965391,271,224,267,4902,623672,0,4096,392704,1536,4096,1048576,565248,131584,8192,1048576,0,16,0,4,0,0,0,5,0,4,0,0,2,0,6,353,1,2,1,5,0,1,0,0,0,0,0,0,0,0,0,3,0,0,3,0,0,0,0,0,0,0,0,0,0,5,0,0,0,0,2,0,2,0,0,0,1
332,8,0,708992537,33166,224,267,326558,0,0,4096,322560,1024,4096,1048576,425984,68096,16384,1048576,0,16,0,4,0,0,0,2,25,4,0,0,2,0,14,374,10,0,13,12,0,15,0,0,0,0,0,0,0,0,0,13,0,0,4,0,0,0,0,0,0,0,0,0,0,6,0,0,0,0,5,0,0,0,0,0,1
332,6,0,1090534936,259,224,267,38792,837795,512,4096,45056,1024,4096,1048576,806912,786432,4096,1048576,16384,16,0,4,0,1,0,2,56,4,0,0,2,0,0,0,0,0,0,0,0,0,0,0,0,0,0,0,0,0,0,0,0,0,0,0,0,0,0,0,0,0,0,0,0,0,0,0,0,0,0,0,0,0,0,0,1
332,7,0,1306325369,270,224,267,4553119,0,0,4096,4849664,4096,4096,1048576,4857856,2424832,4096,1048576,0,16,0,4,0,0,0,6,0,4,0,0,2,0,14,433,0,0,0,0,0,0,0,0,0,0,0,0,0,0,0,0,0,0,0,0,0,0,0,0,0,0,0,0,0,0,0,0,0,0,0,0,0,0,0,0,1
332,1,0,1164999767,271,224,267,29899,39604,35072,4096,26624,512,4096,1048576,32768,0,4096,1048576,0,16,0,4,0,0,0,6,0,4,0,0,2,0,1,7,0,0,0,0,0,0,0,0,0,0,0,0,0,0,0,0,0,0,0,0,0,0,0,0,0,0,0,0,0,0,0,0,0,0,0,0,0,0,0,0,1
332,6,0,1276835108,774,224,267,4778,98297,0,4096,24576,4096,4096,1048576,135168,40960,4096,1048576,65536,16,0,4,0,1,0,2,56,4,0,0,2,0,3,120,0,0,0,0,0,0,0,0,0,0,0,0,0,0,0,0,0,0,0,0,0,0,0,0,0,0,0,0,0,0,0,0,0,0,0,0,0,0,0,0,1
332,4,0,1307795933,271,224,267,564218,0,0,4096,561152,4096,4096,1048576,1822720,1056768,4096,1048576,0,16,0,4,0,0,0,6,0,4,0,0,2,0,15,462,0,0,0,0,0,0,0,0,0,0,0,0,0,0,0,0,0,0,0,0,0,0,0,0,0,0,0,0,0,0,0,0,0,0,0,0,0,0,0,0,1
332,6,1575897956,1996928137,271,224,267,712746,0,0,4096,135168,1024,8192,1814528,724992,700416,8192,1519616,565248,1194382932,0,4,0,4,21,4,95,4,0,0,2,0,2,4,0,0,0,0,0,0,1,0,0,0,0,0,0,0,0,0,0,0,0,0,0,0,0,0,0,0,0,0,0,0,0,0,0,0,0,0,0,0,0,0,1
332,3,0,1307332855,271,224,267,1817162,0,0,4096,524288,4096,4096,1048576,1826816,8192,4096,1048576,1290240,16,0,4,0,0,0,6,0,4,0,0,2,1,15,20,0,0,0,0,0,0,0,0,0,0,0,0,0,0,0,0,0,0,0,0,0,0,0,0,0,0,0,0,0,0,0,0,0,0,0,0,0,0,0,0,1
332,5,0,1303782085,271,224,267,102442,76369,0,4096,20480,1024,4096,1048576,110592,4096,4096,1048576,57344,16,0,4,0,4,5,6,0,4,0,0,2,0,1,21,0,0,0,0,0,0,2,0,0,0,0,0,0,0,0,0,0,0,0,0,0,0,0,0,0,0,0,0,0,0,0,0,0,0,0,0,0,0,0,0,1
332,9,0,1303763155,33166,224,267,845866,930495,0,4096,590848,1024,4096,1048576,942080,183296,16384,1048576,0,16,0,4,0,0,0,2,25,4,0,0,2,0,12,17,0,0,0,0,0,0,0,0,0,0,0,0,0,0,0,0,0,0,0,0,0,0,0,0,0,0,0,0,0,0,0,0,0,0,0,0,0,0,0,0,1
332,4,0,1190291686,271,224,267,4138,0,0,4096,81920,1024,4096,1048576,225280,113152,8192,1048576,0,16,0,4,0,0,0,5,0,4,0,0,2,0,8,147,0,0,0,0,0,0,0,0,0,0,0,0,0,0,0,0,0,0,0,0,0,0,0,0,0,0,0,0,0,0,0,0,0,0,0,0,0,0,0,0,1
332,3,0,1304483383,271,224,267,6130,74313,0,4096,53248,4096,4096,1048576,69632,12288,4096,1048576,0,16,0,4,0,1,0,6,0,4,0,0,2,0,1,116,0,0,0,0,0,0,2,0,0,0,0,0,0,0,0,0,0,0,0,0,0,0,0,0,0,0,0,0,0,0,0,0,0,0,0,0,0,0,0,0,1
332,2,0,1143587053,8462,224,267,41277,0,0,4096,100651,1024,4096,1048576,110592,100651,4096,1048576,0,16,0,4,0,0,0,6,0,4,0,0,2,0,6,93,0,0,0,0,0,0,0,0,0,0,0,0,0,0,0,0,0,0,0,0,0,0,0,0,0,0,0,0,0,0,0,0,0,0,0,0,0,0,0,0,1
332,5,0,1303782085,271,224,267,102442,76369,0,4096,20480,1024,4096,1048576,110592,4096,4096,1048576,57344,16,0,4,0,4,5,6,0,4,0,0,2,0,1,21,0,0,0,0,0,0,2,0,0,0,0,0,0,0,0,0,0,0,0,0,0,0,0,0,0,0,0,0,0,0,0,0,0,0,0,0,0,0,0,0,1
332,3,0,1307738997,271,224,267,8546,287552,0,4096,221184,4096,4096,1048576,241664,16384,4096,1048576,0,16,0,4,0,1,0,6,0,4,0,0,2,0,1,116,0,0,0,0,0,0,2,0,0,0,0,0,0,0,0,0,0,0,0,0,0,0,0,0,0,0,0,0,0,0,0,0,0,0,0,0,0,0,0,0,1
332,4,0,1130205598,262,224,267,27394,0,0,4096,96768,1024,4096,1048576,278528,67584,4096,1048576,0,16,0,4,0,0,0,9,0,5,1,0,2,0,7,47,0,0,0,0,0,0,0,0,0,0,0,0,0,0,0,0,0,0,0,0,0,0,0,0,0,0,0,0,0,0,0,0,0,0,0,0,0,0,0,0,1
332,5,0,1302570372,271,224,267,147498,153316,0,4096,110592,4096,4096,1048576,452608,12288,4096,1048576,0,16,0,4,0,1,0,144,0,4,0,0,2,0,1,21,0,0,0,0,0,0,1,0,0,0,0,0,0,0,0,0,0,0,0,0,0,0,0,0,0,0,0,0,0,0,0,0,0,0,0,0,0,0,0,0,1
332,2,0,1164999799,783,224,267,41010,134560,0,4096,142336,512,4096,1048576,151552,69632,4096,1048576,0,16,0,4,0,0,0,6,0,4,0,0,2,0,4,4,0,0,0,0,0,0,0,0,0,0,0,0,0,0,0,0,0,0,0,0,0,0,0,0,0,0,0,0,0,0,0,0,0,0,0,0,0,0,0,0,1
332,4,0,1198851095,271,224,267,31923,66121,0,4096,28672,512,4096,1048576,73728,2560,4096,1048576,0,16,0,4,0,0,0,6,0,4,0,0,2,0,2,9,0,0,0,0,0,0,0,0,0,0,0,0,0,0,0,0,0,0,0,0,0,0,0,0,0,0,0,0,0,0,0,0,0,0,0,0,0,0,0,0,1
332,5,0,1276780095,8462,224,267,524314,0,0,4096,524288,4096,4096,1048576,1765376,1073152,4096,1048576,0,16,0,4,0,0,0,6,0,4,0,0,2,0,12,421,0,0,0,0,6,0,0,0,0,0,0,0,0,0,0,0,0,0,0,0,0,0,0,0,0,0,0,0,0,0,0,0,0,0,0,0,0,0,0,0,1
332,4,0,1306330554,271,224,267,393451,0,0,4096,528384,4096,4096,1048576,1757184,1044480,4096,1048576,0,16,0,4,0,0,0,6,0,4,0,0,2,0,14,453,0,0,0,0,0,0,0,0,0,0,0,0,0,0,0,0,0,4,0,0,0,0,0,0,0,0,0,5,0,0,0,0,0,0,0,0,0,0,0,0,1
332,4,0,1291012780,271,224,267,10896,0,0,4096,8192,1024,4096,1048576,495616,478208,4096,1048576,0,16,0,4,0,0,0,6,0,4,0,0,2,0,4,70,0,0,0,0,0,0,0,0,0,0,0,0,0,0,0,0,0,0,0,0,0,0,0,0,0,0,0,0,0,0,0,0,0,0,0,0,0,0,0,0,1
332,2,0,1304772361,8462,224,267,215284,0,0,4096,0,512,4096,1048576,217373,0,4096,1048576,0,16,0,4,0,0,0,5,12,4,0,0,3,0,1,5,0,0,0,0,0,0,0,0,0,0,0,0,0,0,0,0,0,0,0,0,0,0,0,0,0,0,0,0,0,0,0,0,0,0,0,0,0,0,0,0,1
332,3,0,1091599297,271,224,267,25734,2525387,33792,4096,39424,1024,4096,1048576,2478080,2424832,4096,262144,0,16,0,5,1,5,1,7,10,4,0,0,2,0,6,134,0,0,0,0,0,0,0,0,0,0,0,0,0,0,0,0,0,0,0,0,0,0,0,0,0,0,0,0,0,0,0,0,0,0,0,0,0,0,0,0,1
332,4,0,1198851095,271,224,267,36906,99899,0,4096,35840,1024,4096,1048576,73728,0,4096,1048576,0,16,0,4,0,0,0,6,0,4,0,0,2,0,1,17,0,0,0,0,0,0,0,0,0,0,0,0,0,0,0,0,0,0,0,0,0,0,0,0,0,0,0,0,0,0,0,0,0,0,0,0,0,0,0,0,1
332,8,0,1233151969,271,224,267,106539,0,0,4096,3072,1024,4096,1048576,139264,57344,4096,1048576,0,16,0,4,0,0,0,6,0,4,0,0,2,1,3,5,0,0,0,0,0,0,0,0,0,0,0,0,0,0,0,0,0,0,0,0,0,0,0,0,0,0,0,0,0,0,0,0,0,0,0,0,0,0,0,0,1
332,4,0,1305033394,271,224,267,4146,0,0,4096,641536,4096,4096,1048576,3678208,8704,4096,1048576,0,16,0,4,0,0,0,8,0,4,0,0,2,0,4,48,0,0,0,0,0,0,0,0,0,0,0,0,0,0,0,0,0,0,0,0,0,0,0,0,0,0,0,0,0,0,0,0,0,0,0,0,0,0,0,0,1
332,4,840695160,1377857448,271,224,267,16872,0,0,4096,131072,1024,8192,1204224,757760,647168,8192,1658880,516096,973530099,0,4,0,9,33,2,49,4,0,0,2,0,2,13,0,0,0,0,0,0,0,0,0,0,0,0,0,0,0,0,0,0,0,0,0,0,0,0,0,0,0,0,0,0,0,0,0,0,0,0,0,0,0,0,1
332,3,0,1289055689,8462,224,267,682279,0,0,4096,1236992,4096,4096,1048576,2228224,24576,4096,1048576,917504,16,0,4,0,0,0,6,0,4,0,0,2,1,12,418,0,0,0,0,6,0,0,0,0,0,0,0,0,0,0,0,0,4,0,0,0,0,0,0,0,0,0,5,0,0,0,0,0,0,0,0,0,0,0,0,1
332,4,0,1306334840,271,224,267,352895,0,0,4096,491520,4096,4096,1048576,901120,266240,4096,1048576,0,16,0,4,0,0,0,6,0,4,0,0,2,0,15,469,0,0,0,0,0,0,0,0,0,9,0,0,0,0,0,0,0,4,0,0,0,0,0,0,0,0,0,5,0,0,0,0,0,0,0,0,0,0,0,0,1
332,9,0,1305770443,33166,224,267,921294,0,0,4096,913920,1024,4096,1048576,1118208,153600,16384,1048576,0,16,0,4,0,0,0,2,25,4,0,0,2,0,23,499,6,0,11,7,0,7,0,0,0,0,0,0,0,0,0,9,0,0,2,0,0,0,0,0,0,0,0,0,0,4,0,0,0,0,18,0,0,0,0,0,1
332,4,0,1129415271,259,224,267,27090,0,0,4096,112640,1024,4096,1048576,319488,77824,4096,1048576,0,16,0,4,0,0,0,9,0,5,1,0,2,0,4,26,0,0,0,0,0,0,0,0,0,0,0,0,0,0,0,0,0,0,0,0,0,0,0,0,0,0,0,0,0,0,0,0,0,0,0,0,0,0,0,0,1
332,5,0,1209823718,271,224,267,12510,0,0,4096,22528,1024,4096,1048576,430080,119808,4096,1048576,1024,16,0,4,0,0,0,6,0,4,0,0,2,0,8,155,0,0,0,0,0,0,0,0,0,0,0,0,0,0,0,0,0,0,0,0,0,0,0,0,0,0,0,0,0,0,0,0,0,0,0,0,0,0,0,0,1
332,5,0,1302273166,8462,224,267,122345,0,0,4096,120320,1024,4096,1048576,35844096,35706368,4096,1048576,0,16,0,4,0,0,0,6,0,4,0,0,2,0,6,93,0,0,0,0,0,0,0,0,0,0,0,0,0,0,0,0,0,0,0,0,0,0,0,0,0,0,0,0,0,0,0,0,0,0,0,0,0,0,0,0,1
332,5,160275,1365526701,33167,224,267,4138,0,0,4096,159744,1024,8192,1929216,731656192,778240,28672,1323008,618496,500412981,1479622537,4,0,7,68,5,55,4,0,0,2,0,4,196,0,0,0,0,0,0,0,0,0,0,0,0,0,0,0,0,0,0,0,0,0,0,0,0,0,0,0,0,0,0,0,0,0,0,0,0,0,0,0,0,1
332,4,0,1308099427,271,224,267,41002,64012,0,4096,4096,512,4096,1048576,81920,32768,16384,1048576,0,16,0,4,0,0,0,1,2,4,0,0,2,0,1,3,0,0,0,0,0,0,0,0,0,0,0,0,0,0,0,0,0,0,0,0,0,0,0,0,0,0,0,0,0,0,0,0,0,0,0,0,0,0,0,0,1
332,3,0,1308006124,271,224,267,7550,149465,0,4096,102400,4096,4096,1048576,118784,12288,4096,1048576,0,16,0,4,0,1,0,6,0,4,0,0,2,0,1,158,0,0,0,0,0,0,3,0,0,0,0,0,0,0,0,0,0,0,0,0,0,0,0,0,0,0,0,0,0,0,0,0,0,0,0,0,0,0,0,0,1
332,2,0,1277249424,271,224,267,11078,0,0,4096,81920,1024,4096,1048576,106496,8192,4096,1048576,0,16,0,4,0,1,0,2,0,4,0,0,2,0,1,130,0,0,0,0,0,0,1,0,0,0,0,0,0,0,0,0,0,0,0,0,0,0,0,0,0,0,0,0,0,0,0,0,0,0,0,0,0,0,0,0,1
332,5,0,1304820098,258,224,267,8420,57028,33088,4096,31232,1024,4096,1048576,1015808,963584,4096,1048576,0,16,0,5,1,0,0,10,0,5,1,0,2,0,1,74,0,0,0,0,0,0,0,0,0,0,0,0,0,0,0,0,0,0,0,0,0,0,0,0,0,0,0,0,0,0,0,0,0,0,0,0,0,0,0,0,1
332,4,0,1294980852,271,224,267,4138,0,0,4096,2560,1024,4096,1048576,24576,8192,4096,1048576,0,16,0,4,0,0,0,5,12,4,0,0,2,0,3,32,0,0,0,0,0,0,0,0,0,0,0,0,0,0,0,0,0,0,0,0,0,0,0,0,0,0,0,0,0,0,0,0,0,0,0,0,0,0,0,0,1
332,3,0,1260497281,271,224,267,43942,112966,0,4096,40960,4096,4096,1048576,53248,8192,4096,1048576,0,16,0,4,0,1,0,6,0,4,0,0,2,0,1,27,0,0,0,0,0,0,4,0,0,0,0,0,0,0,0,0,0,0,0,0,0,0,0,0,0,0,0,0,0,0,0,0,0,0,0,0,0,0,0,0,1
332,5,0,1306515278,271,224,267,3116905,2504127,0,4096,0,4096,4096,1048576,3178496,0,4096,1048576,0,16,0,5,0,0,0,6,0,4,0,0,2,0,16,16,0,0,0,0,0,0,0,0,0,0,0,0,0,0,0,0,0,0,0,0,0,0,0,0,0,0,0,0,0,0,0,0,0,0,0,0,0,0,0,0,1
332,2,0,1294768850,271,224,267,93326,84615,0,4096,77824,512,4096,1048576,94208,8192,4096,1048576,0,16,0,4,0,1,0,6,0,4,0,0,2,0,1,4,0,0,0,0,0,0,0,0,0,0,0,0,0,0,0,0,0,0,0,0,0,0,0,0,0,0,0,0,0,0,0,0,0,0,0,0,0,0,0,0,1
332,3,0,1208111565,271,224,267,25734,310426,33792,4096,39424,1024,4096,1048576,307200,254464,4096,262144,0,16,0,5,1,5,1,7,10,4,0,0,2,0,6,134,0,0,0,0,0,0,0,0,0,0,0,0,0,0,0,0,0,0,0,0,0,0,0,0,0,0,0,0,0,0,0,0,0,0,0,0,0,0,0,0,1
332,4,1564823652,1307738855,271,224,267,41002,71011,0,4096,512,512,4096,1048576,81920,32256,16384,1048576,0,16,0,4,0,0,0,1,2,4,0,0,2,0,1,3,0,0,0,0,0,0,0,0,0,0,0,0,0,0,0,0,0,0,0,0,0,0,0,0,0,0,0,0,0,0,0,0,0,0,0,0,0,0,0,0,1
332,4,0,1306324724,271,224,267,343371,0,0,4096,466944,4096,4096,1048576,1552384,1015808,4096,1048576,0,16,0,4,0,0,0,6,0,4,0,0,2,0,12,416,0,0,0,0,6,0,0,0,0,0,0,0,0,0,0,0,0,4,0,0,0,0,0,0,0,0,0,5,0,0,0,0,0,0,0,0,0,0,0,0,1
332,4,0,1308190600,271,224,267,338941,0,0,4096,462848,4096,4096,1048576,1245184,614400,4096,1048576,0,16,0,4,0,0,0,6,0,4,0,0,2,0,12,422,0,0,0,0,6,0,0,0,0,0,0,0,0,0,0,0,0,4,0,0,0,0,0,0,0,0,0,5,0,0,0,0,0,0,0,0,0,0,0,0,1
332,8,0,708992537,33166,224,267,4138,0,0,4096,10752,1024,4096,1048576,339968,169984,16384,1048576,0,16,0,4,0,0,0,2,25,4,0,0,2,0,146,148,0,0,0,0,0,0,0,0,0,0,0,0,0,0,0,0,0,0,0,0,0,0,0,0,0,0,0,0,0,0,0,0,0,90,0,0,144,0,0,0,1
332,6,0,1307973832,783,224,267,4410,0,0,4096,8704,4096,4096,1048576,53248,28672,4096,2097152,512,16,0,4,0,1,0,2,56,4,0,0,2,0,3,34,0,0,0,0,0,0,0,0,0,0,0,0,0,0,0,0,0,0,0,0,0,0,0,0,0,0,0,0,0,0,0,0,0,0,0,0,0,0,0,0,1
332,3,0,1049333388,8450,224,267,5137,0,0,4096,57344,1024,32768,262144,73728,12288,4096,1048576,0,16,0,5,0,8824,26880,7,10,5,0,0,2,0,12,132,0,0,0,0,0,0,0,0,0,0,0,0,0,0,0,0,0,0,0,0,0,0,0,0,0,0,0,0,0,0,0,0,0,0,0,0,0,0,0,0,1
332,5,0,1307486954,258,224,267,4768,108406,33088,4096,25600,1024,4096,1048576,77824,36352,4096,1048576,0,16,0,5,0,0,0,9,0,5,0,0,2,0,2,61,0,0,0,0,0,0,0,0,0,0,0,0,0,0,0,0,0,0,0,0,0,0,0,0,0,0,0,0,0,0,0,0,0,0,0,0,0,0,0,0,1
332,8,0,708992537,33167,224,267,630622,0,0,4096,627200,1024,4096,1048576,778240,66048,16384,1048576,0,16,0,4,0,0,0,2,25,4,0,0,2,0,22,527,4,0,4,6,0,3,0,0,0,0,0,0,0,0,0,4,0,0,4,0,0,0,0,0,0,0,0,0,0,3,0,0,0,0,3,0,0,0,0,0,1
332,3,0,1306782855,271,224,267,5118,95342,0,4096,32768,4096,4096,1048576,45056,8192,4096,1048576,0,16,0,4,0,35,4,6,0,4,0,0,2,0,2,83,0,0,0,0,0,0,2,0,0,0,0,0,0,0,0,0,0,0,0,0,0,0,0,0,0,0,0,0,0,0,0,0,0,0,0,0,0,0,0,0,1
332,4,0,1306511834,271,224,267,3563658,0,0,4096,1478656,4096,4096,1048576,3571713,12288,4096,1048576,2068480,16,0,4,0,0,0,6,0,4,0,0,2,0,1,2,0,0,0,0,0,0,0,0,0,0,0,0,0,0,0,0,0,0,0,0,0,0,0,0,0,0,0,0,0,0,0,0,0,0,0,0,0,0,0,0,1
332,4,0,1306728082,271,224,267,341793,0,0,4096,471040,4096,4096,1048576,987136,294912,4096,1048576,0,16,0,4,0,0,0,6,0,4,0,0,2,0,14,432,0,0,0,0,0,0,0,0,0,0,0,0,0,0,0,0,0,4,0,0,0,0,0,0,0,0,0,5,0,0,0,0,0,0,0,0,0,0,0,0,1
332,5,0,1299051624,259,224,267,46303,0,34048,4096,72192,1024,4096,1048576,176128,25600,4096,1048576,0,16,0,5,0,0,0,9,0,5,0,0,2,0,10,166,0,0,0,0,0,0,0,0,0,0,0,0,0,0,0,0,0,0,0,0,0,0,0,0,0,0,0,0,0,0,0,0,0,0,0,0,0,0,0,0,1
332,4,0,1126204617,262,224,267,25346,0,0,4096,101376,1024,4096,1048576,278528,69632,4096,1048576,0,16,0,4,0,0,0,9,0,5,1,0,2,0,7,82,0,0,0,0,0,0,0,0,0,0,0,0,0,0,0,0,0,0,0,0,0,0,0,0,0,0,0,0,0,0,0,0,0,0,0,0,0,0,0,0,1
332,11,1564823652,708992537,33166,224,267,684142,682018,0,4096,570880,1024,4096,1048576,684544,72704,16384,1048576,0,16,0,4,0,0,0,2,25,4,0,0,2,0,3,55,0,0,0,0,0,0,0,0,0,0,0,0,0,0,0,0,0,0,0,0,0,0,0,0,0,0,0,0,0,0,0,0,0,0,0,0,0,0,0,0,1
332,9,0,708992537,41358,224,267,1892395,0,1,4096,1601536,1024,4096,1048576,1904640,264704,0,0,0,16,0,4,0,0,0,2,25,4,0,0,2,1,16,18,0,0,0,0,0,0,0,0,0,0,0,0,0,0,0,0,0,0,0,0,0,0,0,0,0,0,0,0,0,0,0,0,0,0,0,0,0,0,0,0,1
332,4,0,1131450514,262,224,267,24962,0,0,4096,107520,1024,4096,1048576,438272,71680,4096,1048576,0,16,0,4,0,0,0,9,0,5,1,0,2,0,4,47,0,0,0,0,0,0,0,0,0,0,0,0,0,0,0,0,0,0,0,0,0,0,0,0,0,0,0,0,0,0,0,0,0,0,0,0,0,0,0,0,1
332,6,0,1307822577,271,224,267,98347,84465,0,4096,4096,1536,4096,1048576,110592,34816,16384,1048576,0,16,0,4,0,0,0,1,2,4,0,0,2,1,1,3,0,0,0,0,0,0,0,0,0,0,0,0,0,0,0,0,0,0,0,0,0,0,0,0,0,0,0,0,0,0,0,0,0,0,0,0,0,0,0,0,1
332,5,0,1283003497,271,224,267,604338,3487623682,0,4096,2170880,4096,4096,1048576,2174976,2170880,4096,1048576,0,16,0,4,0,0,0,6,0,4,0,0,2,0,0,0,0,0,0,0,0,0,0,0,0,0,0,0,0,0,0,0,0,0,0,0,0,0,0,0,0,0,0,0,0,0,0,0,0,0,0,0,0,0,0,0,1
332,3,0,1307424527,271,224,267,4674,109042,0,4096,69632,4096,4096,1048576,86016,12288,4096,1048576,0,16,0,4,0,1,0,6,0,4,0,0,2,0,1,52,0,0,0,0,0,0,3,0,0,0,0,0,0,0,0,0,0,0,0,0,0,0,0,0,0,0,0,0,0,0,0,0,0,0,0,0,0,0,0,0,1
332,4,0,1306507415,271,224,267,323787,0,0,4096,446464,4096,4096,1048576,3158016,2641920,4096,1048576,0,16,0,4,0,0,0,6,0,4,0,0,2,0,12,417,0,0,0,0,12,0,0,0,0,0,0,0,0,0,0,0,0,8,0,0,0,0,0,0,0,0,0,10,0,0,0,0,0,0,0,0,0,0,0,0,1
332,3,0,1307354979,271,224,267,4482,67081,0,4096,49152,4096,4096,1048576,516096,458752,4096,1048576,0,16,0,4,0,1,0,6,0,4,0,0,2,0,1,33,0,0,0,0,0,0,3,0,0,0,0,0,0,0,0,0,0,0,0,0,0,0,0,0,0,0,0,0,0,0,0,0,0,0,0,0,0,0,0,0,1
332,2,0,1277234598,271,224,267,97422,43586,0,4096,81920,1024,4096,1048576,98304,8192,4096,1048576,0,16,0,4,0,1,0,6,0,4,0,0,2,0,1,4,0,0,0,0,0,0,0,0,0,0,0,0,0,0,0,0,0,0,0,0,0,0,0,0,0,0,0,0,0,0,0,0,0,0,0,0,0,0,0,0,1
332,4,0,1299140906,271,224,267,493685,0,0,4096,638976,4096,4096,1048576,2883584,1978368,4096,1048576,0,16,0,4,0,0,0,6,0,4,0,0,2,0,15,495,0,0,0,0,6,0,0,0,0,9,0,0,0,0,0,0,0,4,0,0,0,0,0,0,0,0,0,5,0,0,0,0,0,0,0,0,0,0,0,0,1
332,4,0,1299160825,271,224,267,5194,0,0,4096,1536,1024,4096,1048576,151552,133632,4096,1048576,0,16,0,4,0,0,0,6,0,4,0,0,2,0,5,48,0,0,0,0,0,0,0,0,0,0,0,0,0,0,0,0,0,0,0,0,0,0,0,0,0,0,0,0,0,0,0,0,0,0,0,0,0,0,0,0,1
332,6,0,708992537,33167,224,267,2625578,1509385,0,4096,45568,1024,4096,1048576,2629632,900608,16384,1048576,0,16,0,4,0,0,0,2,25,4,0,0,2,0,2,2,0,0,0,0,0,0,0,0,0,0,0,0,0,0,0,0,0,0,0,0,0,0,0,0,0,0,0,0,0,0,0,0,0,0,0,0,0,0,0,0,1
332,4,0,1305033394,271,224,267,4138,0,0,4096,3584,4096,4096,1048576,1855488,8704,4096,1048576,0,16,0,4,0,0,0,8,0,4,0,0,2,0,4,52,0,0,0,0,0,0,0,0,0,0,0,0,0,0,0,0,0,0,0,0,0,0,0,0,0,0,0,0,0,0,0,0,0,0,0,0,0,0,0,0,1
332,5,0,1299160825,271,224,267,5194,0,0,4096,1536,1024,4096,1048576,163840,145408,4096,1048576,0,16,0,4,0,0,0,6,0,4,0,0,2,0,5,48,0,0,0,0,0,0,0,0,0,0,0,0,0,0,0,0,0,0,0,0,0,0,0,0,0,0,0,0,0,0,0,0,0,0,0,0,0,0,0,0,1
332,5,1564823652,1198851095,271,224,267,73866,196127,0,4096,35840,512,4096,1048576,81920,2560,4096,1048576,0,16,0,4,0,0,0,6,0,4,0,0,2,0,1,17,0,0,0,0,0,0,0,0,0,0,0,0,0,0,0,0,0,0,0,0,0,0,0,0,0,0,0,0,0,0,0,0,0,0,0,0,0,0,0,0,1
332,3,0,1299173501,271,224,267,4636,28953,0,4096,12288,4096,4096,1048576,24576,8192,4096,1048576,0,16,0,4,0,1,0,6,0,4,0,0,2,0,1,16,0,0,0,0,0,0,3,0,0,0,0,0,0,0,0,0,0,0,0,0,0,0,0,0,0,0,0,0,0,0,0,0,0,0,0,0,0,0,0,0,1
332,8,0,708992537,33166,224,267,39526,0,0,4096,35840,1024,4096,1048576,98304,36352,16384,1048576,0,16,0,4,0,0,0,2,25,4,0,0,2,0,6,60,0,0,0,0,0,0,0,0,0,0,0,0,0,0,0,0,0,0,0,0,0,0,0,0,0,0,0,0,0,1,0,0,0,0,0,0,0,0,0,0,1
332,5,0,1275493009,8462,224,267,17973,0,0,4096,16384,4096,4096,1048576,36864,16384,4096,1048576,0,16,0,4,0,0,0,6,0,4,0,0,2,0,7,75,0,0,0,0,0,0,0,0,0,0,0,0,0,0,0,0,0,0,0,0,0,0,0,0,0,0,0,0,0,0,0,0,0,0,0,0,0,0,0,0,1
332,6,0,1305081319,783,224,267,4778,0,0,4096,16384,1024,4096,1048576,73728,6656,4096,1048576,35328,16,0,4,0,1,0,2,56,4,0,0,2,0,4,76,0,0,0,0,0,0,0,0,0,0,0,0,0,0,0,0,0,0,0,0,0,0,0,0,0,0,0,0,0,0,0,0,0,0,0,0,0,0,0,0,1
332,4,0,1111055510,271,224,267,29867,0,0,4096,53248,4096,4096,1048576,102400,45056,4096,1048576,0,16,0,4,0,0,0,6,0,4,0,0,2,0,3,83,0,0,0,0,0,0,0,0,0,0,0,0,0,0,0,0,0,0,0,0,0,0,0,0,0,0,0,0,0,0,0,0,0,0,0,0,0,0,0,0,1
332,2,0,1198851095,271,224,267,31923,93314,0,4096,0,512,4096,1048576,36864,0,4096,1048576,0,16,0,4,0,0,0,6,0,4,0,0,2,0,2,9,0,0,0,0,0,0,0,0,0,0,0,0,0,0,0,0,0,0,0,0,0,0,0,0,0,0,0,0,0,0,0,0,0,0,0,0,0,0,0,0,1
332,5,0,1303782085,271,224,267,102442,76369,0,4096,20480,1024,4096,1048576,110592,4096,4096,1048576,57344,16,0,4,0,4,5,6,0,4,0,0,2,0,1,21,0,0,0,0,0,0,2,0,0,0,0,0,0,0,0,0,0,0,0,0,0,0,0,0,0,0,0,0,0,0,0,0,0,0,0,0,0,0,0,0,1
332,11,0,1208111565,271,224,267,122923,148097,33792,4096,39424,1024,4096,1048576,159744,54784,4096,262144,0,16,0,5,1,5,1,7,10,4,0,0,2,1,6,8,0,0,0,0,0,0,0,0,0,0,0,0,0,0,0,0,0,0,0,0,0,0,0,0,0,0,0,0,0,0,0,0,0,0,0,0,0,0,0,0,1
332,4,0,1279875750,271,224,267,9768,0,0,4096,6656,1024,4096,1048576,142396,125952,4096,1048576,0,16,0,4,0,0,0,6,0,4,0,0,2,0,2,48,0,0,0,0,0,0,0,0,0,0,0,0,0,0,0,0,0,0,0,0,0,0,0,0,0,0,0,0,0,0,0,0,0,0,0,0,0,0,0,0,1
332,3,0,1300910545,259,224,267,20699,652567,0,4096,40960,1024,4096,1048576,622592,577024,4096,1048576,0,16,0,5,0,0,0,8,0,5,0,0,2,0,6,68,0,0,0,0,0,0,0,0,0,0,0,0,0,0,0,0,0,0,0,0,0,131,0,0,0,0,0,0,0,0,0,0,0,0,0,0,0,0,0,0,1
332,4,0,988782901,259,224,267,134125,0,32768,4096,155648,1024,8192,524288,172032,12288,20480,1048576,0,16,0,5,1,39277,17136,7,10,5,0,0,2,0,6,141,0,0,0,0,0,0,0,0,0,0,0,0,0,0,0,0,0,0,0,0,0,0,0,0,0,0,0,0,0,0,0,0,0,0,0,0,0,0,0,0,1
332,6,0,1301998356,783,224,267,4778,0,0,4096,14848,1024,4096,1048576,77824,6144,4096,1048576,38400,16,0,4,0,1,0,2,56,4,0,0,2,0,4,59,0,0,0,0,0,0,0,0,0,0,0,0,0,0,0,0,0,0,0,0,0,0,0,0,0,0,0,0,0,0,0,0,0,0,0,0,0,0,0,0,1
332,4,0,1299160825,271,224,267,5195,0,0,4096,1536,1024,4096,1048576,147456,130048,4096,1048576,0,16,0,4,0,0,0,6,0,4,0,0,2,0,5,48,0,0,0,0,0,0,0,0,0,0,0,0,0,0,0,0,0,0,0,0,0,0,0,0,0,0,0,0,0,0,0,0,0,0,0,0,0,0,0,0,1
332,4,0,1308058763,271,224,267,5242,0,0,4096,1536,1024,4096,1048576,155648,138752,4096,1048576,0,16,0,4,0,0,0,6,0,4,0,0,2,0,5,48,0,0,0,0,0,0,0,0,0,0,0,0,0,0,0,0,0,0,0,0,0,0,0,0,0,0,0,0,0,0,0,0,0,0,0,0,0,0,0,0,1
332,5,0,1299051624,259,224,267,46303,0,34048,4096,72192,1024,4096,1048576,327680,180224,4096,1048576,0,16,0,5,0,0,0,9,0,5,0,0,2,0,10,166,0,0,0,0,0,0,0,0,0,0,0,0,0,0,0,0,0,0,0,0,0,0,0,0,0,0,0,0,0,0,0,0,0,0,0,0,0,0,0,0,1
332,2,0,1206435129,271,224,267,4227,0,0,4096,512,512,4096,1048576,72189,0,4096,1048576,0,16,0,4,0,0,0,5,12,4,0,0,2,0,0,0,0,0,0,0,0,0,0,0,0,0,0,0,0,0,0,0,0,0,0,0,0,0,0,0,0,0,0,0,0,0,0,0,0,0,0,0,0,0,0,0,1
332,6,0,1288056125,782,224,267,4778,67754,0,4096,24576,1024,4096,1048576,86016,16384,4096,1048576,40960,16,0,4,0,1,0,2,56,4,0,0,2,0,4,129,0,0,0,0,0,0,0,0,0,0,0,0,0,0,0,0,0,0,0,0,0,0,0,0,0,0,0,0,0,0,0,0,0,0,0,0,0,0,0,0,1
332,4,0,1307528732,271,224,267,446319,0,0,4096,589824,4096,4096,1048576,2097152,1503232,4096,1048576,0,16,0,4,0,0,0,6,0,4,0,0,2,0,18,499,0,0,0,0,12,0,0,0,0,18,0,0,0,0,0,0,0,8,0,0,0,0,0,0,0,0,0,10,0,0,0,0,0,0,0,0,0,0,0,0,1
332,28,0,708992537,33166,224,267,667691,0,0,4096,569344,1536,4096,1048576,790528,67584,16384,1048576,0,16,0,4,0,0,0,2,25,4,0,0,2,1,22,24,0,0,0,0,0,0,0,0,0,0,0,0,0,0,0,0,0,0,0,0,0,0,0,0,0,0,0,0,0,0,0,0,0,0,0,0,0,0,0,0,1
